data/satellite/IONO/corg3540.17i
     1.0            IONOSPHERE MAPS     GNSS                IONEX VERSION / TYPE
ADDNEQ2 V5.3        AIUB                21-DEC-17 07:20     PGM / RUN BY / DATE 
CODE'S RAPID IONOSPHERE MAPS FOR DAY 354, 2017              COMMENT             
Global ionosphere maps (GIM) are generated on a daily basis DESCRIPTION         
at CODE using data from about 120 GNSS sites of the IGS and DESCRIPTION         
other institutions. The vertical total electron content     DESCRIPTION         
(VTEC) is modeled in a solar-geomagnetic reference frame    DESCRIPTION         
using a spherical harmonics expansion up to degree and      DESCRIPTION         
order 15. Piece-wise linear functions are used for          DESCRIPTION         
representation in the time domain. The time spacing of      DESCRIPTION         
their vertices is 1 hour, conforming with the epochs of the DESCRIPTION         
VTEC maps.                                                  DESCRIPTION         
To convert line-of-sight TEC into vertical TEC, a modified  DESCRIPTION         
single-layer model mapping function approximating the JPL   DESCRIPTION         
extended slab model mapping function is adopted. The        DESCRIPTION         
mapping function is evaluated at geodetic satellite         DESCRIPTION         
elevation angles. For the computation of the ionospheric    DESCRIPTION         
pierce points, a spherical layer with a radius of 6821 km   DESCRIPTION         
is assumed, implying geocentric, not geodetic IONEX         DESCRIPTION         
latitudes.                                                  DESCRIPTION         
Instrumental biases with respect to each involved GNSS code DESCRIPTION         
observable are estimated as constant values for each        DESCRIPTION         
day. They are modeled with one set of bias parameters for   DESCRIPTION         
each satellite and each station in case of GPS and for each DESCRIPTION         
satellite-station link in case of GLONASS. The code bias    DESCRIPTION         
datum is defined by zero-mean conditions imposed on the     DESCRIPTION         
satellite bias estimates. In this file, just GPS C1W-C2W    DESCRIPTION         
satellite and station bias values are included. The         DESCRIPTION         
complete set of GNSS code bias results is provided in an    DESCRIPTION         
additional Bias-SINEX file as pseudo-absolute values        DESCRIPTION         
specific to each observable.                                DESCRIPTION         
Note: These GIM results correspond to the results for the   DESCRIPTION         
last day of a 3-day combination analysis solving for 73     DESCRIPTION         
times 256, or 18688 VTEC parameters and 3 daily sets of     DESCRIPTION         
GNSS code bias parameters.                                  DESCRIPTION         
Contact address: code(at)aiub.unibe.ch                      DESCRIPTION         
Data archive:    ftp.aiub.unibe.ch/CODE/                    DESCRIPTION         
                 www.aiub.unibe.ch/download/CODE/           DESCRIPTION         
  2017    12    20     0     0     0                        EPOCH OF FIRST MAP  
  2017    12    21     0     0     0                        EPOCH OF LAST MAP   
  3600                                                      INTERVAL            
[...]
    87.5 -87.5  -2.5                                        LAT1 / LAT2 / DLAT  
  -180.0 180.0   5.0                                        LON1 / LON2 / DLON  
    -1                                                      EXPONENT            
TEC/RMS values in 0.1 TECU; 9999, if no value available     COMMENT             
Peak TEC values for the included maps:                      COMMENT             
 431  450  427  387  382  381  364  344  334  324  318  308 COMMENT             
 316  338  350  343  332  326  315  304  303  306  318  331 COMMENT             
 337                                                        COMMENT             
List of stations:                                           COMMENT             
adis alic alrt ankr areq aspa auck badg bako bjco bogo brft COMMENT             
brmu brst brux bshm cas1 cedu chpi chti chur cnmr coco cord COMMENT             
darw dav1 dgar dubo faa1 fale flin frdn ganp glps glsv godz COMMENT             
gope guam guat hert hnpt hob2 hofn hrao hyde iisc invk iqal COMMENT             
isba joz2 kerg kir0 kokb kokv kour lama lhaz lpal lpgs mac1 COMMENT             
mal2 mas1 mat1 mate maw1 mbar mcm4 mdvj mizu mkea mobj mobs COMMENT             
nano nklg not1 nril ntus nya1 ohi3 onsa park penc pert pfa2 COMMENT             
pimo pots qaq1 rabt reun reyk rio2 sant sch2 sofi stjo str2 COMMENT             
suth sydn tabv tash thti thu2 tid1 tow2 ulab unbj unsa urum COMMENT             
usud vald whit wind wtzz xmis yarr ykro yssk zim2 zimm      COMMENT             
                                                            END OF HEADER       
[from data line 8580]
    21                                                      START OF TEC MAP    
  2017    12    20    20     0     0                        EPOCH OF CURRENT MAP
    87.5-180.0 180.0   5.0 450.0                            LAT/LON1/LON2/DLON/H
   14   14   14   14   14   14   13   13   13   13   12   12   12   11   11   10
   10    9    9    8    8    7    7    6    6    5    5    5    4    4    4    3
    3    3    3    3    3    3    3    3    3    3    4    4    4    4    5    5
    6    6    7    7    7    8    8    9    9   10   10   11   11   12   12   12
   13   13   13   13   14   14   14   14   14
    85.0-180.0 180.0   5.0 450.0                            LAT/LON1/LON2/DLON/H
   18   18   18   18   18   18   18   17   17   17   16   15   15   14   13   13
   12   11   10    9    8    7    6    5    4    4    3    2    1    1    0    0
    0    0    0    0    0    0    0    0    0    0    0    1    1    2    3    3
    4    5    6    7    7    8    9   10   11   12   12   13   14   14   15   15
   16   16   17   17   17   18   18   18   18
    82.5-180.0 180.0   5.0 450.0                            LAT/LON1/LON2/DLON/H
   20   20   21   21   21   21   20   20   20   19   19   18   18   17   16   15
   14   13   12   11   10    9    7    6    5    4    2    2    1    0    0    0
    0    0    0    0    0    0    0    0    0    0    0    0    0    1    2    3
    4    5    6    7    8    9   10   11   12   13   14   15   15   16   16   17
   17   18   18   19   19   19   20   20   20
    80.0-180.0 180.0   5.0 450.0                            LAT/LON1/LON2/DLON/H
   20   20   21   21   21   21   21   21   21   21   21   21   20   20   19   18
   18   17   15   14   13   11   10    8    6    5    4    2    2    1    0    0
    0    0    0    0    0    0    0    0    0    0    0    1    1    2    3    4
    5    6    7    8   10   11   12   13   13   14   15   15   15   16   16   16
   16   17   17   17   18   18   19   19   20
    77.5-180.0 180.0   5.0 450.0                            LAT/LON1/LON2/DLON/H
   18   19   19   20   20   21   21   21   22   22   22   22   22   22   22   22
   21   20   19   18   16   15   13   11    9    7    6    4    3    3    2    2
    2    3    3    3    4    4    4    4    3    3    3    3    3    4    4    5
    6    8    9   10   11   13   13   14   15   15   15   15   14   14   14   14
   13   14   14   14   15   16   16   17   18
    75.0-180.0 180.0   5.0 450.0                            LAT/LON1/LON2/DLON/H
   16   17   18   19   20   20   21   21   22   22   23   24   24   25   25   26
   25   25   24   22   21   19   17   14   12   10    8    6    5    4    4    4
    5    6    6    7    7    7    7    7    6    6    5    5    5    5    6    7
    9   10   11   13   14   15   15   15   15   15   14   14   13   12   11   11
   10   10   10   11   11   13   14   15   16
    72.5-180.0 180.0   5.0 450.0                            LAT/LON1/LON2/DLON/H
   16   17   18   19   20   20   21   22   22   23   24   26   27   28   29   30
   30   29   28   27   25   23   20   17   15   12   10    8    6    5    5    5
    6    7    8    9    9    9    9    8    8    7    6    6    6    7    8    9
   11   12   14   15   16   16   17   16   16   15   14   13   12   11    9    8
    8    7    8    8    9   11   12   14   16
    70.0-180.0 180.0   5.0 450.0                            LAT/LON1/LON2/DLON/H
   17   19   20   21   22   22   23   23   24   26   27   29   31   32   34   34
   35   34   33   31   29   26   23   20   17   14   11    8    6    5    5    5
    6    7    8    8    9    9    8    7    6    6    5    5    6    7    8   10
   12   14   16   17   18   18   17   17   16   15   14   13   12   10    9    8
    7    7    7    8   10   11   13   16   17
    67.5-180.0 180.0   5.0 450.0                            LAT/LON1/LON2/DLON/H
   21   23   24   25   25   26   26   27   28   29   31   33   35   37   39   40
   40   39   37   35   33   29   26   23   19   15   12    9    6    5    3    3
    3    4    5    5    6    5    5    4    3    2    2    3    4    6    9   11
   14   16   17   18   19   18   18   17   16   16   15   14   13   12   11   10
    9    9    9   11   12   14   17   19   21
    65.0-180.0 180.0   5.0 450.0                            LAT/LON1/LON2/DLON/H
   26   28   29   30   31   31   31   32   33   34   36   38   41   43   44   45
   45   44   42   39   36   33   29   25   21   18   14   10    7    4    3    2
    1    1    1    1    1    1    0    0    0    0    0    1    3    6    9   12
   15   17   19   19   19   19   18   17   17   16   16   16   16   16   15   14
   14   13   14   15   17   19   22   24   26
    62.5-180.0 180.0   5.0 450.0                            LAT/LON1/LON2/DLON/H
   31   33   35   36   37   37   38   38   39   40   42   44   46   48   50   51
   50   49   46   44   40   37   33   29   25   21   17   13    9    6    3    1
    0    0    0    0    0    0    0    0    0    0    0    0    3    7   10   13
   16   18   20   20   20   19   19   18   18   18   19   20   20   21   20   20
   19   19   19   20   22   24   27   29   31
    60.0-180.0 180.0   5.0 450.0                            LAT/LON1/LON2/DLON/H
   36   38   40   41   43   44   45   46   46   47   48   50   52   54   55   56
   56   54   52   49   45   42   38   35   30   26   22   18   14   10    7    4
    2    0    0    0    0    0    0    0    0    0    0    3    7   10   13   16
   19   21   22   22   22   21   20   20   20   21   23   24   25   26   26   25
   24   24   24   25   27   29   31   33   36
    57.5-180.0 180.0   5.0 450.0                            LAT/LON1/LON2/DLON/H
   38   41   44   47   49   52   53   54   54   54   54   55   57   58   60   61
   61   59   57   55   52   49   45   42   38   33   29   24   20   16   13   10
    7    5    3    1    0    0    0    0    2    4    7   10   13   16   19   21
   23   24   25   25   25   24   24   24   24   26   27   29   31   32   31   30
   29   27   27   28   29   31   34   36   38
    55.0-180.0 180.0   5.0 450.0                            LAT/LON1/LON2/DLON/H
   40   43   47   52   56   59   61   62   62   61   61   61   61   63   64   65
   66   65   64   62   60   57   54   51   47   42   37   32   28   24   21   18
   15   12   10    9    8    8    9   10   12   15   18   21   23   25   27   27
   28   29   30   31   31   30   30   30   30   32   34   35   37   37   35   33
   31   29   28   29   30   32   34   37   40
    52.5-180.0 180.0   5.0 450.0                            LAT/LON1/LON2/DLON/H
   41   45   50   56   62   66   70   71   71   69   68   67   66   67   68   70
   70   70   70   69   68   67   64   61   57   51   46   41   37   33   30   26
   24   22   20   20   20   20   21   23   25   28   32   34   36   36   36   36
   36   36   37   38   39   39   39   38   38   39   40   42   42   41   39   36
   32   29   28   28   29   31   34   37   41
    50.0-180.0 180.0   5.0 450.0                            LAT/LON1/LON2/DLON/H
   42   47   54   61   68   74   78   80   79   78   76   74   73   73   73   74
   75   76   76   76   76   76   75   72   67   61   55   49   44   40   37   34
   32   31   30   31   32   34   35   37   40   43   46   48   49   48   47   45
   45   45   46   47   49   49   49   48   48   48   48   48   47   45   41   37
   32   29   27   27   28   31   34   37   42
    47.5-180.0 180.0   5.0 450.0                            LAT/LON1/LON2/DLON/H
   44   51   58   66   74   80   85   88   88   87   85   83   81   80   79   80
   80   81   81   83   84   85   85   82   77   70   62   55   50   46   43   40
   39   38   39   41   44   46   48   50   53   56   59   61   61   60   57   55
   54   54   56   58   59   60   60   59   57   56   55   54   52   49   44   39
   33   29   27   27   28   31   35   39   44
    45.0-180.0 180.0   5.0 450.0                            LAT/LON1/LON2/DLON/H
   48   55   63   71   79   85   91   95   97   97   96   94   91   89   88   87
   86   86   87   88   90   93   93   91   86   78   69   61   54   49   46   43
   42   43   45   48   52   55   57   59   62   65   68   70   70   69   67   65
   64   64   65   68   69   70   70   68   65   63   61   59   56   53   47   41
   35   30   28   28   30   34   38   43   48
    42.5-180.0 180.0   5.0 450.0                            LAT/LON1/LON2/DLON/H
   54   61   68   75   82   89   94   99  103  106  107  106  104  101   98   95
   93   92   92   93   96   99  101   99   93   85   74   65   57   51   47   45
   44   45   48   52   57   60   63   65   67   70   73   75   76   76   74   73
   72   72   73   75   77   78   77   75   71   68   65   63   60   56   51   44
   38   33   31   31   34   38   43   48   54
    40.0-180.0 180.0   5.0 450.0                            LAT/LON1/LON2/DLON/H
   61   67   73   79   84   90   96  102  108  114  117  118  116  113  109  105
  102  100   98   99  101  104  107  106  100   91   79   68   59   52   48   45
   44   45   49   54   59   63   65   67   69   71   75   78   80   80   80   79
   78   77   78   80   82   82   81   78   75   71   68   65   63   59   54   48
   42   37   35   36   39   44   50   55   61
    37.5-180.0 180.0   5.0 450.0                            LAT/LON1/LON2/DLON/H
   68   73   78   82   85   90   95  102  110  119  125  128  128  124  120  115
  111  108  106  105  106  109  112  111  106   96   84   72   62   55   50   47
   46   47   50   56   61   64   66   67   69   71   75   79   81   83   83   82
   81   80   80   81   82   83   81   79   75   71   68   66   64   62   57   52
   46   41   39   41   45   50   57   63   68
    35.0-180.0 180.0   5.0 450.0                            LAT/LON1/LON2/DLON/H
   75   79   82   84   86   89   94  101  110  121  130  135  136  133  129  125
  121  117  114  112  113  114  116  115  111  102   90   77   67   59   54   51
   50   51   54   59   64   67   68   69   70   72   75   79   82   84   84   83
   81   79   78   78   79   80   79   76   73   69   67   65   64   62   59   54
   49   45   43   45   49   56   63   69   75
    32.5-180.0 180.0   5.0 450.0                            LAT/LON1/LON2/DLON/H
   81   85   87   88   89   90   94  100  109  120  131  137  139  138  135  132
  130  127  124  121  120  120  120  119  115  106   95   84   73   66   62   59
   58   59   61   65   69   72   73   73   73   74   77   80   82   84   84   82
   79   75   73   73   74   74   74   72   69   66   64   62   62   61   59   55
   50   46   45   47   52   60   68   75   81
    30.0-180.0 180.0   5.0 450.0                            LAT/LON1/LON2/DLON/H
   86   90   93   93   94   94   96  101  109  119  128  135  138  138  137  136
  136  135  133  130  127  125  124  122  118  111  102   91   82   75   72   70
   70   70   71   74   77   80   80   80   79   79   80   81   82   83   82   79
   74   70   67   66   67   68   68   66   64   62   60   59   58   58   56   53
   49   45   44   47   54   62   72   80   86
    27.5-180.0 180.0   5.0 450.0                            LAT/LON1/LON2/DLON/H
   91   97  100  102  102  103  103  105  109  117  124  130  133  134  135  137
  139  141  141  138  135  131  128  125  121  116  109  100   92   86   84   83
   83   83   83   85   87   89   90   89   87   85   83   82   82   81   79   75
   69   63   60   59   61   62   62   61   60   58   56   54   53   53   52   50
   46   43   42   46   53   64   74   84   91
    25.0-180.0 180.0   5.0 450.0                            LAT/LON1/LON2/DLON/H
   97  104  109  113  115  115  114  113  113  116  121  125  127  128  130  134
  139  144  146  145  142  137  132  128  125  122  117  110  103   98   97   97
   96   96   95   95   97   98   99   98   95   91   87   83   80   78   75   70
   64   58   54   54   56   57   57   57   56   54   52   50   48   47   47   45
   42   39   39   43   52   64   77   88   97
    22.5-180.0 180.0   5.0 450.0                            LAT/LON1/LON2/DLON/H
  103  112  119  126  130  131  129  124  120  118  119  121  122  123  126  131
  137  144  148  149  147  142  136  132  130  129  126  121  115  111  109  109
  108  106  104  103  104  106  106  104  100   94   87   81   77   74   70   65
   59   53   51   51   52   54   53   53   52   50   48   45   43   42   41   40
   37   34   35   41   52   65   79   92  103
    20.0-180.0 180.0   5.0 450.0                            LAT/LON1/LON2/DLON/H
  109  121  131  140  146  149  145  138  130  124  121  121  120  121  123  128
  135  142  148  151  151  147  141  137  137  138  137  134  128  123  120  118
  116  113  109  107  108  109  110  108  102   94   85   77   71   68   65   61
   56   52   49   50   51   52   51   50   49   47   45   41   38   36   36   35
   33   31   33   40   52   68   83   97  109
    17.5-180.0 180.0   5.0 450.0                            LAT/LON1/LON2/DLON/H
  116  129  142  153  162  165  161  152  142  133  128  125  124  123  125  128
  133  140  147  153  155  153  149  146  146  149  151  148  142  136  130  126
  122  116  111  107  107  109  109  107  100   91   80   71   65   62   61   58
   55   52   50   51   51   51   49   47   46   45   42   38   34   32   32   31
   30   29   32   41   55   71   87  102  116
    15.0-180.0 180.0   5.0 450.0                            LAT/LON1/LON2/DLON/H
  122  137  151  165  175  178  175  165  154  144  138  135  133  131  131  133
  135  140  148  155  160  161  159  158  160  164  167  164  157  148  140  133
  125  117  110  105  104  106  106  103   96   85   73   64   59   57   58   57
   55   53   53   53   53   51   48   46   45   43   40   36   32   30   30   29
   28   28   33   43   58   75   92  108  122
    12.5-180.0 180.0   5.0 450.0                            LAT/LON1/LON2/DLON/H
  128  143  159  173  184  188  185  177  166  157  151  148  146  144  143  142
  142  145  152  161  168  172  172  173  176  181  184  181  172  161  150  140
  129  118  109  103  102  103  103  100   92   80   68   59   55   55   56   57
   57   56   56   55   54   51   48   45   44   43   40   35   31   29   29   28
   28   29   35   47   63   81   97  113  128
    10.0-180.0 180.0   5.0 450.0                            LAT/LON1/LON2/DLON/H
  132  148  164  179  190  195  193  186  178  171  166  163  161  160  158  155
  153  155  161  171  180  186  189  190  194  198  200  196  187  175  162  148
  135  121  110  104  102  103  103   99   90   78   66   58   54   55   58   60
   60   59   58   58   56   52   49   47   46   44   41   36   32   30   29   29
   29   31   39   52   69   86  102  117  132
     7.5-180.0 180.0   5.0 450.0                            LAT/LON1/LON2/DLON/H
  135  151  167  182  193  198  199  195  189  184  180  178  177  176  174  172
  169  170  175  185  196  203  207  209  212  215  216  211  201  188  174  159
  144  129  117  110  107  108  107  102   93   81   69   61   59   60   62   64
   64   62   61   59   57   54   52   50   49   47   43   39   35   32   31   31
   31   34   43   58   75   92  106  120  135
     5.0-180.0 180.0   5.0 450.0                            LAT/LON1/LON2/DLON/H
  137  153  169  184  195  201  204  203  201  197  194  192  191  191  190  189
  188  189  194  203  214  221  225  227  229  230  228  222  213  201  188  173
  157  142  129  121  118  118  116  111  101   89   78   70   68   68   70   70
   68   66   63   61   59   57   56   54   53   51   47   42   38   35   34   33
   34   39   49   64   81   97  110  123  137
     2.5-180.0 180.0   5.0 450.0                            LAT/LON1/LON2/DLON/H
  139  155  171  186  197  205  210  212  213  211  208  205  203  203  205  206
  207  210  215  224  232  239  242  244  244  243  239  232  223  214  203  190
  174  159  146  138  134  132  130  124  114  101   90   83   80   79   79   77
   73   69   65   63   61   61   60   60   58   55   51   47   42   39   37   36
   38   43   55   70   87  102  114  126  139
