data/satellite/IONO/corg2350.15i
     1.0            IONOSPHERE MAPS     GNSS                IONEX VERSION / TYPE
ADDNEQ2 V5.3        AIUB                24-AUG-15 09:36     PGM / RUN BY / DATE 
CODE'S RAPID IONOSPHERE MAPS FOR DAY 235, 2015              COMMENT             
Global ionosphere maps (GIM) are generated on a daily basis DESCRIPTION         
at CODE using data from about 120 GNSS sites of the IGS and DESCRIPTION         
other institutions. The vertical total electron content     DESCRIPTION         
(VTEC) is modeled in a solar-geomagnetic reference frame    DESCRIPTION         
using a spherical harmonics expansion up to degree and      DESCRIPTION         
order 15. Piece-wise linear functions are used for          DESCRIPTION         
representation in the time domain. The time spacing of      DESCRIPTION         
their vertices is 1 hour, conforming with the epochs of the DESCRIPTION         
VTEC maps. Instrumental biases, so-called differential      DESCRIPTION         
P1-P2 code biases (DCB), for all GNSS satellites and ground DESCRIPTION         
stations are estimated as constant values for each day,     DESCRIPTION         
simultaneously with the 25 times 256, or 6400 parameters    DESCRIPTION         
used to represent the global VTEC distribution. The DCB     DESCRIPTION         
datum is defined by a zero-mean condition imposed on the    DESCRIPTION         
satellite bias estimates. P1-C1 bias corrections are taken  DESCRIPTION         
into account if needed. To convert line-of-sight TEC into   DESCRIPTION         
vertical TEC, a modified single-layer model mapping         DESCRIPTION         
function approximating the JPL extended slab model mapping  DESCRIPTION         
function is adopted. The mapping function is evaluated at   DESCRIPTION         
geodetic satellite elevation angles. For the computation of DESCRIPTION         
the ionospheric pierce points, a spherical layer with a     DESCRIPTION         
radius of 6821 km is assumed, implying geocentric, not      DESCRIPTION         
geodetic IONEX latitudes.                                   DESCRIPTION         
Note: These GIM results correspond to the results for the   DESCRIPTION         
last day of a 3-day combination analysis solving for 73     DESCRIPTION         
times 256, or 18688 VTEC parameters and 3 sets of daily     DESCRIPTION         
satellite and receiver DCB constants.                       DESCRIPTION         
Contact address: code(at)aiub.unibe.ch                      DESCRIPTION         
Web page:        www.aiub.unibe.ch/content/ionosphere/      DESCRIPTION         
Data archive:    ftp.unibe.ch/aiub/CODE/                    DESCRIPTION         
                 www.aiub.unibe.ch/download/CODE/           DESCRIPTION         
  2015     8    23     0     0     0                        EPOCH OF FIRST MAP  
  2015     8    24     0     0     0                        EPOCH OF LAST MAP   
  3600                                                      INTERVAL            
    25                                                      # OF MAPS IN FILE   
  NONE                                                      MAPPING FUNCTION    
    10.0                                                    ELEVATION CUTOFF    
One-way carrier phase leveled to code                       OBSERVABLES USED    
[...]
    87.5 -87.5  -2.5                                        LAT1 / LAT2 / DLAT  
  -180.0 180.0   5.0                                        LON1 / LON2 / DLON  
    -1                                                      EXPONENT            
TEC/RMS values in 0.1 TECU; 9999, if no value available     COMMENT             
Peak TEC values for the included maps:                      COMMENT             
 491  499  504  506  495  518  526  524  528  532  517  547 COMMENT             
 537  506  481  471  475  504  508  524  539  557  563  569 COMMENT             
 570                                                        COMMENT             
List of stations:                                           COMMENT             
adis albh algo alic alrt amc2 amu2 ankr areq artu aspa badg COMMENT             
bake bjco bogo bor1 brmu brst brux bshm call cas1 cedu chpi COMMENT             
chur coco cord crar cro1 darw dav1 dgar dgav dubo fair faiv COMMENT             
flin flrs frdn func ganp glps glsv gode godz gope guam guat COMMENT             
guug hert hnpt hob2 hofn holm hrao hyde iisc invk iqal irkj COMMENT             
ispa joz2 kerg kir0 kokb kour lama lhaz lpal mac1 mal2 mas1 COMMENT             
mat1 mate maw1 mcm4 mdvj mkea mobj mobs nano nklg not1 novm COMMENT             
ohi3 onsa park pdel penc pert pfa2 pots qaq1 rabt rbay reso COMMENT             
reun reyk sant sch2 sey1 sofi stjo str2 suth sydn syog tid1 COMMENT             
tow2 usud vald whit wtzz xmis yarr ykro yssk zim2 zimm      COMMENT             
                                                            END OF HEADER       
[from data line 3861]
    10                                                      START OF TEC MAP    
  2015     8    23     9     0     0                        EPOCH OF CURRENT MAP
    87.5-180.0 180.0   5.0 450.0                            LAT/LON1/LON2/DLON/H
   77   79   81   83   85   87   89   92   94   96   98  100  101  103  105  106
  107  108  109  110  110  111  111  111  110  110  110  109  108  107  106  105
  104  103  101  100   99   97   96   95   93   92   90   89   87   86   84   83
   81   80   79   77   76   75   73   72   71   70   69   69   68   68   68   68
   68   69   69   70   71   72   74   75   77
    85.0-180.0 180.0   5.0 450.0                            LAT/LON1/LON2/DLON/H
   67   71   75   79   83   87   92   96  100  104  108  111  114  117  120  122
  124  126  127  128  128  128  128  127  127  125  124  122  121  119  117  115
  113  110  108  106  105  103  101   99   98   96   95   93   92   90   88   86
   84   82   80   77   75   72   69   67   64   62   60   58   56   54   53   53
   53   53   53   55   56   59   61   64   67
    82.5-180.0 180.0   5.0 450.0                            LAT/LON1/LON2/DLON/H
   63   67   72   78   83   89   95  100  105  110  115  119  123  126  129  131
  133  135  135  136  136  136  135  134  132  130  128  126  123  121  118  115
  113  110  108  106  105  104  103  102  102  102  102  102  102  101  101  100
   98   96   94   91   87   84   80   76   72   67   63   59   56   53   50   48
   47   46   46   47   49   51   55   58   63
    80.0-180.0 180.0   5.0 450.0                            LAT/LON1/LON2/DLON/H
   64   69   75   80   86   92   98  103  108  113  117  121  124  127  128  130
  131  132  132  132  131  131  130  128  127  125  122  119  117  113  110  107
  105  103  101  100  100  101  102  104  107  109  112  115  117  119  121  121
  121  120  118  115  112  108  103   97   92   86   80   74   69   64   59   56
   53   51   50   50   51   53   56   60   64
    77.5-180.0 180.0   5.0 450.0                            LAT/LON1/LON2/DLON/H
   72   76   81   86   91   96  101  105  109  113  115  117  119  119  119  119
  118  118  117  116  116  115  114  113  112  111  109  106  104  101   98   95
   93   91   90   91   93   96  100  105  111  117  124  130  136  141  144  147
  149  149  148  145  142  138  132  126  120  113  105   98   91   85   78   73
   69   66   63   62   62   63   65   68   72
    75.0-180.0 180.0   5.0 450.0                            LAT/LON1/LON2/DLON/H
   82   85   89   93   96  100  104  107  109  110  110  110  109  107  105  102
  100   98   96   95   94   94   94   94   94   94   93   92   90   87   85   82
   80   79   80   82   85   91   98  107  116  126  136  145  154  161  167  171
  174  175  175  173  170  166  161  155  149  141  133  125  117  110  102   96
   90   86   82   79   78   77   78   80   82
    72.5-180.0 180.0   5.0 450.0                            LAT/LON1/LON2/DLON/H
   92   94   96   99  101  104  106  107  107  107  105  102   98   94   89   85
   81   77   75   73   73   74   75   77   79   80   81   81   79   78   75   73
   71   71   72   75   81   89   98  110  122  134  146  158  168  176  183  188
  191  192  193  192  190  186  182  177  171  164  157  149  141  133  125  118
  112  106  101   97   94   92   91   91   92
    70.0-180.0 180.0   5.0 450.0                            LAT/LON1/LON2/DLON/H
   99   99  100  102  104  105  106  106  106  104  100   96   91   84   78   72
   67   63   60   59   59   61   64   67   70   73   75   76   75   74   72   69
   68   67   69   74   80   90  101  114  128  142  155  167  177  185  191  195
  197  198  198  198  196  194  192  188  184  178  172  165  157  150  142  135
  129  122  117  111  107  103  101   99   99
    67.5-180.0 180.0   5.0 450.0                            LAT/LON1/LON2/DLON/H
  100  100  100  101  103  104  105  105  104  101   98   93   87   80   73   66
   61   56   54   54   55   58   62   66   70   74   76   78   77   76   74   71
   69   69   71   76   84   95  107  120  134  148  160  171  180  186  191  193
  194  193  193  192  191  191  190  188  185  182  177  171  165  159  152  146
  140  133  127  120  114  109  105  102  100
    65.0-180.0 180.0   5.0 450.0                            LAT/LON1/LON2/DLON/H
   98   96   96   98   99  100  102  102  101   99   96   92   87   81   74   68
   63   59   57   58   60   64   68   72   77   80   83   84   83   81   79   76
   74   74   77   83   91  102  114  127  140  152  163  171  178  183  185  185
  184  182  181  180  180  180  180  180  180  178  175  171  166  162  157  151
  146  139  133  125  118  111  105  100   98
    62.5-180.0 180.0   5.0 450.0                            LAT/LON1/LON2/DLON/H
   94   92   91   92   93   95   96   97   97   96   94   92   88   84   79   74
   70   67   67   68   71   75   79   82   86   88   90   90   89   87   84   81
   80   81   84   90   99  110  121  133  144  154  163  169  174  177  178  176
  174  171  169  168  168  169  170  172  172  172  170  168  165  162  159  155
  150  144  137  129  120  112  104   98   94
    60.0-180.0 180.0   5.0 450.0                            LAT/LON1/LON2/DLON/H
   94   90   88   87   87   88   89   90   90   91   91   90   89   87   84   81
   78   77   77   79   82   85   89   91   92   93   93   93   92   89   87   85
   84   86   91   98  107  117  128  137  146  154  161  167  171  173  173  172
  169  166  163  162  162  163  165  167  168  169  168  167  165  164  162  160
  157  151  144  136  126  116  107   99   94
    57.5-180.0 180.0   5.0 450.0                            LAT/LON1/LON2/DLON/H
  100   94   89   86   84   83   83   82   82   83   84   86   87   87   87   85
   84   83   84   86   89   91   93   94   93   93   92   91   90   88   86   86
   86   90   96  104  114  123  132  140  147  154  160  166  170  173  175  174
  172  169  167  166  166  166  168  170  171  171  171  170  170  169  169  168
  166  162  155  147  137  126  116  107  100
    55.0-180.0 180.0   5.0 450.0                            LAT/LON1/LON2/DLON/H
  113  105   97   91   86   82   78   76   75   74   76   78   81   84   86   86
   85   84   85   86   88   90   90   89   87   86   85   84   84   84   84   84
   87   92   99  109  119  128  135  142  148  154  160  167  173  179  182  183
  183  182  180  179  178  178  178  179  179  178  178  177  177  178  179  179
  178  175  169  162  153  143  133  123  113
    52.5-180.0 180.0   5.0 450.0                            LAT/LON1/LON2/DLON/H
  133  123  112  101   92   85   79   73   69   67   67   69   74   78   81   82
   81   80   80   80   80   81   80   78   76   74   74   75   77   79   81   83
   87   94  103  113  123  131  138  143  148  155  163  172  180  188  193  197
  198  199  198  197  195  194  193  191  190  188  187  186  186  187  189  190
  190  188  184  178  171  163  154  144  133
    50.0-180.0 180.0   5.0 450.0                            LAT/LON1/LON2/DLON/H
  156  143  129  116  103   93   84   76   69   63   61   62   66   72   76   77
   76   73   71   69   68   67   66   64   62   62   64   67   72   76   80   84
   90   97  107  117  127  135  140  145  151  159  169  180  190  199  206  211
  214  216  216  214  212  209  206  203  199  196  194  192  192  193  195  196
  197  196  194  191  187  182  175  167  156
    47.5-180.0 180.0   5.0 450.0                            LAT/LON1/LON2/DLON/H
  175  161  146  130  116  104   94   84   74   65   59   58   61   67   72   74
   72   67   63   59   57   54   52   51   51   53   58   64   71   77   83   88
   95  103  113  124  133  140  145  150  157  167  178  190  201  209  216  221
  225  228  228  227  224  220  215  210  205  200  197  194  193  194  195  196
  197  197  197  196  196  194  191  184  175
    45.0-180.0 180.0   5.0 450.0                            LAT/LON1/LON2/DLON/H
  185  173  157  141  128  117  107   98   86   73   63   59   61   66   72   73
   71   65   58   53   49   46   44   43   45   50   57   66   75   83   90   96
  103  112  122  132  140  146  151  157  166  177  190  202  212  218  223  227
  231  233  235  233  230  224  218  211  205  200  195  192  190  190  190  190
  191  191  192  194  196  197  197  193  185
    42.5-180.0 180.0   5.0 450.0                            LAT/LON1/LON2/DLON/H
  184  174  161  146  135  127  121  113  101   86   72   65   65   70   75   77
   74   68   60   53   48   45   43   43   46   53   62   73   84   93  100  107
  114  122  132  142  150  155  161  168  178  191  204  215  222  226  228  230
  232  235  236  235  232  226  219  211  204  198  193  189  186  185  185  184
  184  183  184  186  189  191  192  190  184
    40.0-180.0 180.0   5.0 450.0                            LAT/LON1/LON2/DLON/H
  174  166  155  144  136  132  131  127  117  101   85   74   72   77   82   85
   82   75   67   60   55   50   48   49   53   60   71   83   94  104  111  118
  125  133  142  152  160  166  172  180  192  206  219  228  232  232  232  232
  234  237  239  239  236  230  222  214  207  201  196  191  188  186  185  184
  183  181  180  179  180  180  180  178  174
    37.5-180.0 180.0   5.0 450.0                            LAT/LON1/LON2/DLON/H
  157  152  144  136  131  132  136  137  130  115   97   85   81   85   91   93
   91   85   78   72   66   62   59   59   62   70   80   92  104  114  122  128
  134  143  152  162  170  176  183  193  206  220  233  240  242  241  239  239
  242  246  249  250  248  243  236  227  220  214  209  204  201  199  199  198
  195  191  186  181  176  170  166  161  157
    35.0-180.0 180.0   5.0 450.0                            LAT/LON1/LON2/DLON/H
  142  138  132  126  123  126  134  140  137  124  107   94   90   93   98  101
   99   94   89   84   80   75   71   70   72   78   88   99  111  122  130  136
  142  151  160  170  179  186  194  205  219  233  245  252  253  252  252  255
  260  265  270  274  274  270  263  255  247  241  236  232  229  229  230  229
  226  219  209  197  184  169  157  148  142
    32.5-180.0 180.0   5.0 450.0                            LAT/LON1/LON2/DLON/H
  134  130  125  119  116  118  127  136  137  128  113  101   97   99  103  105
  103  100   97   95   91   86   82   78   78   83   91  103  115  127  135  142
  149  157  166  177  186  195  204  216  229  244  255  262  266  269  273  280
  289  297  305  311  313  311  304  296  288  282  277  274  273  274  277  278
  274  264  249  230  207  182  159  143  134
    30.0-180.0 180.0   5.0 450.0                            LAT/LON1/LON2/DLON/H
  139  133  128  120  113  111  118  127  131  125  114  104  101  103  105  105
  103  101  100  100   98   94   88   83   81   84   91  103  117  130  140  147
  154  161  171  181  192  202  213  225  238  252  263  272  280  289  301  314
  326  338  348  357  363  363  356  346  338  332  329  327  327  331  335  337
  333  320  301  275  243  208  175  151  139
    27.5-180.0 180.0   5.0 450.0                            LAT/LON1/LON2/DLON/H
  156  149  142  131  118  110  111  118  122  119  112  105  103  104  105  103
  100   98   98  100  100   96   90   84   80   81   89  102  118  133  144  152
  159  166  174  185  197  208  220  233  246  259  270  282  295  311  331  350
  367  381  394  406  415  416  409  399  390  384  382  382  383  388  394  396
  391  376  353  323  285  242  202  172  156
    25.0-180.0 180.0   5.0 450.0                            LAT/LON1/LON2/DLON/H
  182  175  167  152  132  115  109  111  115  114  109  105  104  104  103   99
   94   92   93   96   97   94   89   82   78   78   86  101  119  137  150  159
  164  170  178  189  201  215  228  241  254  266  278  292  310  334  360  384
  403  419  434  449  461  464  456  444  434  430  429  430  433  438  443  444
  436  419  394  363  323  278  234  200  182
    22.5-180.0 180.0   5.0 450.0                            LAT/LON1/LON2/DLON/H
  212  205  197  179  153  129  116  112  113  112  109  106  106  105  101   94
   88   85   86   89   91   90   86   80   76   76   85  101  122  142  157  166
  171  176  183  194  207  222  237  252  264  276  288  303  325  354  384  411
  430  445  461  479  493  497  489  476  466  462  463  465  467  471  473  471
  460  440  415  385  349  306  263  230  212
    20.0-180.0 180.0   5.0 450.0                            LAT/LON1/LON2/DLON/H
  238  233  225  207  178  150  130  121  118  116  113  110  108  106  100   91
   83   80   80   83   85   85   83   79   75   77   86  104  127  149  164  173
  178  183  190  200  215  231  249  265  277  288  300  317  340  370  401  427
  444  458  473  492  508  513  504  490  481  480  482  485  485  484  482  475
  458  435  410  384  355  319  282  253  238
    17.5-180.0 180.0   5.0 450.0                            LAT/LON1/LON2/DLON/H
  255  252  246  230  202  173  151  138  131  126  121  116  112  107   99   90
   82   77   77   79   81   82   82   80   78   79   90  109  133  155  170  179
  185  190  198  209  224  243  262  280  293  305  316  332  355  383  412  434
  448  458  473  492  509  513  505  491  483  484  489  490  487  481  473  458
  435  408  383  362  341  316  288  266  255
    15.0-180.0 180.0   5.0 450.0                            LAT/LON1/LON2/DLON/H
  260  260  256  243  220  195  174  160  150  142  133  124  117  109  100   90
   82   78   76   77   79   81   83   82   81   84   94  114  138  159  174  184
  190  198  207  219  236  255  277  296  311  323  334  349  369  394  417  435
  445  452  465  483  499  504  496  484  478  482  488  488  480  469  453  431
  401  369  343  326  313  299  281  267  260
    12.5-180.0 180.0   5.0 450.0                            LAT/LON1/LON2/DLON/H
  257  257  255  246  229  210  194  182  171  159  146  133  121  110  100   90
   84   80   78   78   79   82   85   86   86   88   98  117  141  161  176  186
  195  205  216  230  247  267  290  310  327  340  352  366  383  403  422  435
  441  447  457  473  488  492  485  476  474  481  487  485  473  455  433  405
  369  332  304  288  281  275  267  260  257
    10.0-180.0 180.0   5.0 450.0                            LAT/LON1/LON2/DLON/H
  249  248  245  239  228  218  209  200  189  175  159  141  124  110   99   91
   85   82   81   80   81   84   87   88   88   90  100  118  141  161  175  186
  197  211  225  240  257  277  299  320  339  354  367  380  395  411  426  437
  443  447  455  469  481  484  478  473  476  486  492  487  471  448  422  390
  350  309  277  260  255  254  252  250  249
     7.5-180.0 180.0   5.0 450.0                            LAT/LON1/LON2/DLON/H
  243  239  233  226  221  218  215  210  201  187  168  147  127  110   98   90
   86   84   83   82   83   85   88   89   88   89   98  116  139  158  173  185
  199  215  232  247  263  281  302  324  344  361  377  391  404  418  432  443
  450  455  462  471  479  482  479  479  487  499  504  496  476  451  423  390
  350  307  271  249  242  242  244  244  243
     5.0-180.0 180.0   5.0 450.0                            LAT/LON1/LON2/DLON/H
  243  234  223  214  210  211  213  212  205  191  172  150  128  110   97   89
   85   83   83   83   83   85   86   86   84   85   93  112  134  155  170  184
  199  217  235  251  265  280  299  320  341  361  379  394  408  422  437  451
  461  468  473  478  483  484  484  490  502  516  520  508  486  460  434  404
  366  323  284  257  245  243  245  246  243
     2.5-180.0 180.0   5.0 450.0                            LAT/LON1/LON2/DLON/H
  251  238  221  207  201  203  206  207  201  189  171  150  128  110   96   87
   83   81   80   81   82   83   83   81   77   78   87  106  129  151  167  182
  198  217  235  249  261  273  290  309  331  353  373  390  405  420  438  456
  470  479  483  484  484  485  489  500  516  530  531  518  494  469  446  421
  389  349  310  278  259  253  255  256  251
