data/satellite/IONO/corg3540.17i
     1.0            IONOSPHERE MAPS     GNSS                IONEX VERSION / TYPE
ADDNEQ2 V5.3        AIUB                21-DEC-17 07:20     PGM / RUN BY / DATE 
CODE'S RAPID IONOSPHERE MAPS FOR DAY 354, 2017              COMMENT             
Global ionosphere maps (GIM) are generated on a daily basis DESCRIPTION         
at CODE using data from about 120 GNSS sites of the IGS and DESCRIPTION         
other institutions. The vertical total electron content     DESCRIPTION         
(VTEC) is modeled in a solar-geomagnetic reference frame    DESCRIPTION         
using a spherical harmonics expansion up to degree and      DESCRIPTION         
order 15. Piece-wise linear functions are used for          DESCRIPTION         
representation in the time domain. The time spacing of      DESCRIPTION         
their vertices is 1 hour, conforming with the epochs of the DESCRIPTION         
VTEC maps.                                                  DESCRIPTION         
To convert line-of-sight TEC into vertical TEC, a modified  DESCRIPTION         
single-layer model mapping function approximating the JPL   DESCRIPTION         
extended slab model mapping function is adopted. The        DESCRIPTION         
mapping function is evaluated at geodetic satellite         DESCRIPTION         
elevation angles. For the computation of the ionospheric    DESCRIPTION         
pierce points, a spherical layer with a radius of 6821 km   DESCRIPTION         
is assumed, implying geocentric, not geodetic IONEX         DESCRIPTION         
latitudes.                                                  DESCRIPTION         
Instrumental biases with respect to each involved GNSS code DESCRIPTION         
observable are estimated as constant values for each        DESCRIPTION         
day. They are modeled with one set of bias parameters for   DESCRIPTION         
each satellite and each station in case of GPS and for each DESCRIPTION         
satellite-station link in case of GLONASS. The code bias    DESCRIPTION         
datum is defined by zero-mean conditions imposed on the     DESCRIPTION         
satellite bias estimates. In this file, just GPS C1W-C2W    DESCRIPTION         
satellite and station bias values are included. The         DESCRIPTION         
complete set of GNSS code bias results is provided in an    DESCRIPTION         
additional Bias-SINEX file as pseudo-absolute values        DESCRIPTION         
specific to each observable.                                DESCRIPTION         
Note: These GIM results correspond to the results for the   DESCRIPTION         
last day of a 3-day combination analysis solving for 73     DESCRIPTION         
times 256, or 18688 VTEC parameters and 3 daily sets of     DESCRIPTION         
GNSS code bias parameters.                                  DESCRIPTION         
Contact address: code(at)aiub.unibe.ch                      DESCRIPTION         
Data archive:    ftp.aiub.unibe.ch/CODE/                    DESCRIPTION         
                 www.aiub.unibe.ch/download/CODE/           DESCRIPTION         
  2017    12    20     0     0     0                        EPOCH OF FIRST MAP  
  2017    12    21     0     0     0                        EPOCH OF LAST MAP   
  3600                                                      INTERVAL            
[...]
    87.5 -87.5  -2.5                                        LAT1 / LAT2 / DLAT  
  -180.0 180.0   5.0                                        LON1 / LON2 / DLON  
    -1                                                      EXPONENT            
TEC/RMS values in 0.1 TECU; 9999, if no value available     COMMENT             
Peak TEC values for the included maps:                      COMMENT             
 431  450  427  387  382  381  364  344  334  324  318  308 COMMENT             
 316  338  350  343  332  326  315  304  303  306  318  331 COMMENT             
 337                                                        COMMENT             
List of stations:                                           COMMENT             
adis alic alrt ankr areq aspa auck badg bako bjco bogo brft COMMENT             
brmu brst brux bshm cas1 cedu chpi chti chur cnmr coco cord COMMENT             
darw dav1 dgar dubo faa1 fale flin frdn ganp glps glsv godz COMMENT             
gope guam guat hert hnpt hob2 hofn hrao hyde iisc invk iqal COMMENT             
isba joz2 kerg kir0 kokb kokv kour lama lhaz lpal lpgs mac1 COMMENT             
mal2 mas1 mat1 mate maw1 mbar mcm4 mdvj mizu mkea mobj mobs COMMENT             
nano nklg not1 nril ntus nya1 ohi3 onsa park penc pert pfa2 COMMENT             
pimo pots qaq1 rabt reun reyk rio2 sant sch2 sofi stjo str2 COMMENT             
suth sydn tabv tash thti thu2 tid1 tow2 ulab unbj unsa urum COMMENT             
usud vald whit wind wtzz xmis yarr ykro yssk zim2 zimm      COMMENT             
                                                            END OF HEADER       
[from data line 9438]
    23                                                      START OF TEC MAP    
  2017    12    20    22     0     0                        EPOCH OF CURRENT MAP
    87.5-180.0 180.0   5.0 450.0                            LAT/LON1/LON2/DLON/H
   19   19   19   19   19   18   18   18   17   17   17   16   16   15   15   14
   13   13   12   11   11   10   10    9    8    8    7    7    7    6    6    6
    6    6    6    6    6    6    6    6    6    7    7    7    8    8    9    9
   10   10   11   11   12   12   13   14   14   15   15   16   16   16   17   17
   18   18   18   18   19   19   19   19   19
    85.0-180.0 180.0   5.0 450.0                            LAT/LON1/LON2/DLON/H
   24   24   24   24   23   23   23   22   22   21   21   20   19   18   17   16
   15   14   13   11   10    9    8    6    5    4    3    2    2    1    1    0
    0    0    0    0    0    1    1    2    2    3    4    4    5    6    7    8
    8    9   10   11   12   13   13   14   15   16   17   18   19   19   20   21
   21   22   23   23   23   24   24   24   24
    82.5-180.0 180.0   5.0 450.0                            LAT/LON1/LON2/DLON/H
   26   26   26   26   26   26   25   25   25   24   24   23   22   21   20   19
   17   16   14   12   10    9    7    5    3    2    0    0    0    0    0    0
    0    0    0    0    0    0    0    0    1    2    3    4    5    6    7    7
    8    9   10   11   12   12   13   14   15   16   17   18   19   21   22   23
   23   24   25   25   26   26   26   26   26
    80.0-180.0 180.0   5.0 450.0                            LAT/LON1/LON2/DLON/H
   26   26   26   26   26   26   26   26   26   26   26   25   25   24   23   22
   20   18   16   14   11    9    7    5    3    1    0    0    0    0    0    0
    0    0    0    0    0    0    1    2    3    4    4    5    6    7    8    8
    9   10   10   11   11   12   12   13   14   15   16   17   19   20   21   22
   24   25   25   26   26   27   27   27   26
    77.5-180.0 180.0   5.0 450.0                            LAT/LON1/LON2/DLON/H
   25   25   25   24   24   24   25   25   26   26   27   27   27   26   25   24
   22   20   18   16   13   10    8    5    3    1    0    0    0    0    0    0
    0    0    0    1    2    3    4    5    5    6    7    8    9    9   10   10
   10   11   11   11   11   11   11   11   12   13   14   15   16   18   20   21
   23   24   25   26   26   26   26   26   25
    75.0-180.0 180.0   5.0 450.0                            LAT/LON1/LON2/DLON/H
   25   24   23   23   23   23   23   24   25   26   27   28   28   28   27   26
   24   22   19   17   14   11    8    6    4    2    1    0    0    0    0    1
    2    3    4    5    6    7    7    8    8    9    9   10   11   11   12   12
   12   12   11   10   10    9    9    9    9   10   11   12   14   16   18   20
   22   23   25   26   26   26   26   25   25
    72.5-180.0 180.0   5.0 450.0                            LAT/LON1/LON2/DLON/H
   26   25   24   23   23   23   24   25   26   28   29   30   30   30   29   27
   25   23   20   17   14   12    9    7    4    3    2    1    1    2    3    4
    6    7    8    8    9    9    9    9    9    9   10   10   11   12   13   13
   13   13   12   11    9    8    8    7    7    8    9   11   12   15   17   19
   22   24   25   27   27   28   27   27   26
    70.0-180.0 180.0   5.0 450.0                            LAT/LON1/LON2/DLON/H
   30   29   27   26   25   25   26   27   29   31   32   33   32   32   30   28
   26   23   20   17   14   12    9    7    5    3    3    3    3    4    5    6
    8    8    9    9    9    8    8    7    7    7    8    9   10   12   13   13
   14   13   12   11    9    8    7    7    7    7    9   10   12   15   17   20
   22   25   27   29   30   31   31   31   30
    67.5-180.0 180.0   5.0 450.0                            LAT/LON1/LON2/DLON/H
   37   35   34   32   31   31   31   32   34   35   36   37   36   35   32   29
   26   23   20   17   14   11    9    7    5    4    3    3    4    5    6    7
    8    8    8    8    7    6    4    3    3    3    4    6    8   10   12   13
   14   14   13   12   10    9    8    8    8    9   10   12   14   16   19   21
   24   26   29   32   34   36   37   37   37
    65.0-180.0 180.0   5.0 450.0                            LAT/LON1/LON2/DLON/H
   46   45   43   41   39   38   38   39   40   41   42   42   41   39   35   32
   28   24   21   17   14   11    9    7    5    4    4    4    4    5    6    6
    6    6    6    5    3    2    0    0    0    0    0    3    5    9   11   14
   15   15   15   13   12   11   11   11   11   12   14   15   17   19   21   23
   25   28   32   35   39   42   44   46   46
    62.5-180.0 180.0   5.0 450.0                            LAT/LON1/LON2/DLON/H
   56   55   54   51   49   47   46   46   47   48   48   48   46   43   40   36
   31   27   23   19   15   12    9    7    6    5    5    5    5    6    6    5
    5    4    3    2    1    0    0    0    0    0    0    1    5    8   12   15
   16   17   17   16   15   15   14   15   16   17   19   20   21   22   23   25
   27   30   33   38   43   47   52   54   56
    60.0-180.0 180.0   5.0 450.0                            LAT/LON1/LON2/DLON/H
   65   66   65   62   59   56   54   53   53   54   54   54   52   49   45   41
   36   31   27   22   18   14   11    9    8    7    7    8    8    7    7    6
    5    3    2    1    1    0    0    0    0    0    0    3    7   11   14   17
   19   20   20   20   19   19   19   20   21   23   24   25   25   25   25   26
   27   30   34   39   45   52   58   62   65
    57.5-180.0 180.0   5.0 450.0                            LAT/LON1/LON2/DLON/H
   73   75   74   72   68   65   62   60   59   59   59   59   57   54   51   47
   43   38   32   27   21   17   13   11   10   10   11   11   12   11   10    8
    7    6    5    5    5    5    5    4    4    5    6    9   12   16   19   22
   24   25   25   25   25   25   25   26   27   28   29   29   29   28   27   27
   27   30   34   40   47   55   63   69   73
    55.0-180.0 180.0   5.0 450.0                            LAT/LON1/LON2/DLON/H
   79   82   83   81   77   73   69   66   64   64   63   63   62   60   57   54
   50   45   40   33   26   20   16   14   13   14   16   17   17   17   15   14
   12   11   11   12   13   14   15   15   15   16   17   18   21   24   27   29
   30   31   31   31   31   31   32   32   33   34   34   33   32   30   28   27
   28   30   34   40   48   57   66   73   79
    52.5-180.0 180.0   5.0 450.0                            LAT/LON1/LON2/DLON/H
   83   87   89   88   86   81   77   73   70   69   68   67   66   64   63   61
   58   54   47   40   32   24   19   17   17   19   21   23   24   23   22   21
   19   19   20   22   25   27   29   29   29   29   29   30   32   34   35   37
   38   39   39   39   39   39   39   39   39   39   38   37   34   32   30   29
   29   31   35   41   49   58   67   76   83
    50.0-180.0 180.0   5.0 450.0                            LAT/LON1/LON2/DLON/H
   85   90   94   95   94   91   86   82   78   75   73   71   70   69   68   67
   65   61   55   47   38   29   23   21   22   24   27   30   31   30   29   28
   28   28   30   34   38   41   43   44   43   43   42   43   43   44   45   45
   46   47   47   48   47   47   46   46   45   44   42   40   37   35   32   31
   32   34   38   44   51   60   69   77   85
    47.5-180.0 180.0   5.0 450.0                            LAT/LON1/LON2/DLON/H
   85   92   98  101  103  101   97   93   88   83   80   77   75   73   72   72
   71   69   63   54   44   35   29   27   28   31   34   36   37   37   36   35
   35   37   40   44   49   52   55   56   55   55   54   54   54   54   54   54
   54   55   56   56   56   55   54   53   51   49   47   44   41   38   36   36
   37   40   44   49   55   62   70   78   85
    45.0-180.0 180.0   5.0 450.0                            LAT/LON1/LON2/DLON/H
   86   93  100  107  111  112  110  105   99   94   89   85   81   79   77   77
   77   75   70   62   52   42   36   34   35   38   40   42   42   41   40   40
   41   43   47   52   56   60   63   64   64   64   64   64   63   63   62   62
   62   63   64   64   64   63   61   59   57   55   52   49   45   43   41   41
   43   47   51   56   61   66   72   79   86
    42.5-180.0 180.0   5.0 450.0                            LAT/LON1/LON2/DLON/H
   86   93  102  111  118  122  121  117  111  106  100   95   90   85   83   82
   83   82   78   70   60   51   45   43   44   46   47   47   46   44   43   43
   44   47   51   56   60   64   66   67   68   69   70   71   71   70   69   68
   68   69   70   71   71   70   68   66   63   61   58   54   50   48   47   48
   51   55   59   63   67   71   75   80   86
    40.0-180.0 180.0   5.0 450.0                            LAT/LON1/LON2/DLON/H
   86   93  102  113  123  129  131  128  122  117  111  105   99   94   90   88
   88   88   86   80   71   62   56   54   54   55   54   52   49   46   44   44
   46   49   53   57   61   64   66   68   70   72   74   76   76   75   74   73
   72   73   74   75   75   74   72   70   68   66   62   59   55   52   52   54
   58   63   67   71   74   76   79   82   86
    37.5-180.0 180.0   5.0 450.0                            LAT/LON1/LON2/DLON/H
   88   93  102  113  125  134  137  135  130  125  121  116  110  103   98   95
   95   96   94   90   83   75   70   66   65   64   61   57   52   48   46   46
   48   51   54   57   61   63   66   68   71   74   77   79   80   79   78   76
   75   75   76   77   77   76   75   73   72   69   66   62   58   56   56   59
   63   69   74   77   80   82   83   85   88
    35.0-180.0 180.0   5.0 450.0                            LAT/LON1/LON2/DLON/H
   92   95  102  112  124  134  138  137  134  131  128  125  120  113  107  103
  102  103  103  100   95   89   83   79   76   73   69   63   57   52   50   50
   51   54   57   59   62   64   66   69   73   76   79   81   82   81   79   77
   75   75   75   76   76   75   74   74   72   70   67   63   59   57   58   61
   67   73   78   82   85   87   89   90   92
    32.5-180.0 180.0   5.0 450.0                            LAT/LON1/LON2/DLON/H
   98   99  103  111  122  131  136  136  133  132  131  131  128  123  117  112
  110  110  110  109  106  101   96   91   86   82   76   70   63   59   56   56
   58   60   62   64   66   67   69   72   76   79   81   82   82   81   79   76
   74   73   72   73   73   72   72   72   71   69   65   61   58   56   58   62
   68   75   81   85   89   93   96   98   98
    30.0-180.0 180.0   5.0 450.0                            LAT/LON1/LON2/DLON/H
  107  106  106  111  119  127  131  131  130  130  132  134  134  131  126  120
  117  115  116  116  115  111  106  100   94   88   83   77   71   67   66   67
   68   70   71   72   73   74   75   78   80   82   82   81   80   79   76   74
   71   69   68   68   68   68   68   67   67   65   61   57   53   53   56   62
   69   76   83   89   94  100  105  108  107
    27.5-180.0 180.0   5.0 450.0                            LAT/LON1/LON2/DLON/H
  120  116  113  114  119  124  127  127  127  128  131  135  137  137  133  128
  122  119  119  120  121  118  113  106   99   93   88   84   80   78   78   80
   81   83   83   83   82   82   82   83   84   83   81   78   76   74   72   69
   66   64   64   63   63   63   62   62   61   59   55   50   48   49   54   61
   70   78   86   93  101  109  116  120  120
    25.0-180.0 180.0   5.0 450.0                            LAT/LON1/LON2/DLON/H
  135  129  123  120  121  124  126  126  126  127  131  135  139  141  139  134
  127  122  120  122  123  122  117  109  102   96   92   90   89   90   91   94
   95   96   95   93   91   89   88   87   86   83   78   73   69   67   65   63
   61   60   59   59   59   58   57   56   55   52   47   43   42   45   52   61
   71   81   91  100  109  119  129  135  135
    22.5-180.0 180.0   5.0 450.0                            LAT/LON1/LON2/DLON/H
  152  145  136  130  128  129  130  129  129  130  132  136  140  143  143  139
  131  124  120  122  124  124  120  112  104   98   96   96   98  100  103  106
  108  108  106  102   98   94   90   87   83   78   72   65   61   59   58   57
   56   55   55   55   55   53   52   51   49   45   40   36   36   42   52   63
   75   87   98  108  120  132  144  151  152
    20.0-180.0 180.0   5.0 450.0                            LAT/LON1/LON2/DLON/H
  168  162  152  143  139  138  138  138  137  137  138  139  142  146  148  145
  136  127  122  122  126  127  122  114  106  102  100  102  105  109  113  116
  117  116  112  106  100   93   88   82   77   70   63   57   52   51   51   51
   51   51   52   52   52   50   48   46   43   39   34   31   33   41   53   67
   80   94  107  119  132  146  159  167  168
    17.5-180.0 180.0   5.0 450.0                            LAT/LON1/LON2/DLON/H
  184  178  168  158  152  150  150  150  150  149  147  145  146  150  154  152
  144  133  126  126  130  132  128  120  112  107  106  108  111  115  119  121
  121  119  114  106   98   89   81   74   68   61   54   49   46   45   46   46
   47   48   50   50   49   47   44   42   40   35   30   28   32   42   56   71
   87  102  117  131  145  159  173  182  184
    15.0-180.0 180.0   5.0 450.0                            LAT/LON1/LON2/DLON/H
  197  192  183  174  167  164  163  164  164  163  159  155  153  157  162  162
  155  144  136  135  139  141  137  129  121  116  114  114  116  119  121  122
  121  118  112  103   93   82   72   64   58   52   48   44   42   42   43   44
   45   47   48   49   48   44   41   40   37   34   29   28   33   45   61   77
   93  110  126  143  158  172  185  194  197
    12.5-180.0 180.0   5.0 450.0                            LAT/LON1/LON2/DLON/H
  207  204  197  189  182  177  176  177  179  178  174  167  164  167  174  176
  171  161  152  150  153  154  151  143  134  127  124  122  121  121  121  120
  118  114  108   99   88   76   65   56   51   47   45   43   43   43   44   45
   46   47   48   49   47   43   40   38   37   34   30   30   36   50   66   83
   99  116  134  152  168  182  194  203  207
    10.0-180.0 180.0   5.0 450.0                            LAT/LON1/LON2/DLON/H
  213  213  209  202  195  190  187  188  192  193  189  182  178  181  189  194
  191  182  174  171  172  172  167  159  150  142  136  131  127  123  120  117
  115  111  105   97   87   74   63   54   49   47   47   47   48   48   49   48
   48   49   49   49   46   42   39   38   38   36   33   33   41   55   72   88
  104  121  140  159  175  189  200  209  213
     7.5-180.0 180.0   5.0 450.0                            LAT/LON1/LON2/DLON/H
  218  220  219  215  208  201  196  197  201  205  203  198  194  198  207  214
  213  207  199  195  194  191  185  176  167  158  149  141  133  126  121  116
  113  110  106  100   91   79   68   59   54   53   54   55   56   56   55   54
   52   51   51   50   47   43   40   40   40   39   37   38   47   62   78   93
  107  124  143  162  179  192  203  212  218
     5.0-180.0 180.0   5.0 450.0                            LAT/LON1/LON2/DLON/H
  220  226  228  226  220  211  205  204  210  216  217  214  213  217  226  234
  236  232  226  221  216  210  203  193  183  173  163  152  141  132  123  118
  114  113  112  109  102   92   80   70   65   63   65   66   66   65   63   60
   57   55   54   52   48   44   43   43   44   43   42   44   53   68   84   98
  110  125  144  163  180  193  204  212  220
     2.5-180.0 180.0   5.0 450.0                            LAT/LON1/LON2/DLON/H
  221  230  236  237  232  223  215  213  218  226  231  232  232  236  245  253
  257  256  251  245  237  228  218  208  198  187  176  163  151  139  130  123
  121  122  124  123  119  109   97   87   80   77   77   77   76   74   70   66
   62   59   57   54   51   48   46   47   48   48   46   49   59   74   89  101
  112  125  143  162  179  192  202  212  221
