data/satellite/IONO/corg3540.17i
     1.0            IONOSPHERE MAPS     GNSS                IONEX VERSION / TYPE
ADDNEQ2 V5.3        AIUB                21-DEC-17 07:20     PGM / RUN BY / DATE 
CODE'S RAPID IONOSPHERE MAPS FOR DAY 354, 2017              COMMENT             
Global ionosphere maps (GIM) are generated on a daily basis DESCRIPTION         
at CODE using data from about 120 GNSS sites of the IGS and DESCRIPTION         
other institutions. The vertical total electron content     DESCRIPTION         
(VTEC) is modeled in a solar-geomagnetic reference frame    DESCRIPTION         
using a spherical harmonics expansion up to degree and      DESCRIPTION         
order 15. Piece-wise linear functions are used for          DESCRIPTION         
representation in the time domain. The time spacing of      DESCRIPTION         
their vertices is 1 hour, conforming with the epochs of the DESCRIPTION         
VTEC maps.                                                  DESCRIPTION         
To convert line-of-sight TEC into vertical TEC, a modified  DESCRIPTION         
single-layer model mapping function approximating the JPL   DESCRIPTION         
extended slab model mapping function is adopted. The        DESCRIPTION         
mapping function is evaluated at geodetic satellite         DESCRIPTION         
elevation angles. For the computation of the ionospheric    DESCRIPTION         
pierce points, a spherical layer with a radius of 6821 km   DESCRIPTION         
is assumed, implying geocentric, not geodetic IONEX         DESCRIPTION         
latitudes.                                                  DESCRIPTION         
Instrumental biases with respect to each involved GNSS code DESCRIPTION         
observable are estimated as constant values for each        DESCRIPTION         
day. They are modeled with one set of bias parameters for   DESCRIPTION         
each satellite and each station in case of GPS and for each DESCRIPTION         
satellite-station link in case of GLONASS. The code bias    DESCRIPTION         
datum is defined by zero-mean conditions imposed on the     DESCRIPTION         
satellite bias estimates. In this file, just GPS C1W-C2W    DESCRIPTION         
satellite and station bias values are included. The         DESCRIPTION         
complete set of GNSS code bias results is provided in an    DESCRIPTION         
additional Bias-SINEX file as pseudo-absolute values        DESCRIPTION         
specific to each observable.                                DESCRIPTION         
Note: These GIM results correspond to the results for the   DESCRIPTION         
last day of a 3-day combination analysis solving for 73     DESCRIPTION         
times 256, or 18688 VTEC parameters and 3 daily sets of     DESCRIPTION         
GNSS code bias parameters.                                  DESCRIPTION         
Contact address: code(at)aiub.unibe.ch                      DESCRIPTION         
Data archive:    ftp.aiub.unibe.ch/CODE/                    DESCRIPTION         
                 www.aiub.unibe.ch/download/CODE/           DESCRIPTION         
  2017    12    20     0     0     0                        EPOCH OF FIRST MAP  
  2017    12    21     0     0     0                        EPOCH OF LAST MAP   
  3600                                                      INTERVAL            
[...]
    87.5 -87.5  -2.5                                        LAT1 / LAT2 / DLAT  
  -180.0 180.0   5.0                                        LON1 / LON2 / DLON  
    -1                                                      EXPONENT            
TEC/RMS values in 0.1 TECU; 9999, if no value available     COMMENT             
Peak TEC values for the included maps:                      COMMENT             
 431  450  427  387  382  381  364  344  334  324  318  308 COMMENT             
 316  338  350  343  332  326  315  304  303  306  318  331 COMMENT             
 337                                                        COMMENT             
List of stations:                                           COMMENT             
adis alic alrt ankr areq aspa auck badg bako bjco bogo brft COMMENT             
brmu brst brux bshm cas1 cedu chpi chti chur cnmr coco cord COMMENT             
darw dav1 dgar dubo faa1 fale flin frdn ganp glps glsv godz COMMENT             
gope guam guat hert hnpt hob2 hofn hrao hyde iisc invk iqal COMMENT             
isba joz2 kerg kir0 kokb kokv kour lama lhaz lpal lpgs mac1 COMMENT             
mal2 mas1 mat1 mate maw1 mbar mcm4 mdvj mizu mkea mobj mobs COMMENT             
nano nklg not1 nril ntus nya1 ohi3 onsa park penc pert pfa2 COMMENT             
pimo pots qaq1 rabt reun reyk rio2 sant sch2 sofi stjo str2 COMMENT             
suth sydn tabv tash thti thu2 tid1 tow2 ulab unbj unsa urum COMMENT             
usud vald whit wind wtzz xmis yarr ykro yssk zim2 zimm      COMMENT             
                                                            END OF HEADER       
[from data line 4290]
    11                                                      START OF TEC MAP    
  2017    12    20    10     0     0                        EPOCH OF CURRENT MAP
    87.5-180.0 180.0   5.0 450.0                            LAT/LON1/LON2/DLON/H
   17   17   17   17   17   17   17   17   17   17   16   16   16   16   16   16
   16   16   16   16   16   16   16   16   16   16   16   16   16   16   16   16
   16   16   16   16   16   16   16   16   16   16   16   16   16   16   16   16
   15   15   15   15   15   16   16   16   16   16   16   16   16   16   16   16
   16   17   17   17   17   17   17   17   17
    85.0-180.0 180.0   5.0 450.0                            LAT/LON1/LON2/DLON/H
   17   17   17   17   16   16   16   16   16   15   15   15   14   14   14   14
   14   14   13   13   13   14   14   14   14   14   14   14   14   15   15   15
   15   15   15   15   15   15   15   15   15   15   15   15   14   14   14   14
   13   13   13   13   13   13   13   13   13   14   14   14   14   15   15   15
   15   16   16   16   16   16   17   17   17
    82.5-180.0 180.0   5.0 450.0                            LAT/LON1/LON2/DLON/H
   16   16   16   16   16   15   15   14   14   13   13   12   12   11   11   11
   11   10   11   11   11   11   11   12   12   12   12   13   13   13   14   14
   14   15   15   15   15   15   15   15   15   15   14   14   13   13   12   12
   11   11   11   10   10   10   10   10   11   11   11   12   12   13   13   13
   14   14   15   15   15   16   16   16   16
    80.0-180.0 180.0   5.0 450.0                            LAT/LON1/LON2/DLON/H
   15   16   16   16   15   15   14   13   13   12   11   10    9    8    8    8
    8    8    8    9    9   10   10   10   11   11   11   12   12   12   13   13
   14   14   15   15   16   16   16   16   16   15   15   14   14   13   12   11
   11   10    9    9    9    9    9    9    9   10   10   11   11   12   12   12
   13   13   13   14   14   15   15   15   15
    77.5-180.0 180.0   5.0 450.0                            LAT/LON1/LON2/DLON/H
   15   16   16   16   16   15   15   14   12   11   10    8    7    6    6    6
    6    7    7    8    9   10   11   11   11   12   12   12   12   12   12   13
   14   14   15   16   17   17   18   18   18   18   17   17   16   15   14   13
   12   11   10    9    9    9    9    9   10   10   11   11   12   12   12   12
   13   13   13   13   14   14   14   15   15
    75.0-180.0 180.0   5.0 450.0                            LAT/LON1/LON2/DLON/H
   16   17   17   18   18   17   17   16   14   12   10    9    7    6    6    6
    6    7    9   10   11   12   13   14   14   13   13   12   12   12   12   13
   13   14   15   17   18   19   20   20   21   21   21   20   20   19   18   17
   16   15   13   13   12   12   12   12   12   13   13   13   14   14   14   14
   13   13   13   13   14   14   15   15   16
    72.5-180.0 180.0   5.0 450.0                            LAT/LON1/LON2/DLON/H
   17   18   19   20   21   21   20   19   17   15   13   10    8    7    7    7
    8   10   11   13   15   16   17   17   17   16   14   13   12   12   12   12
   13   14   16   17   19   20   22   23   24   25   25   25   25   25   24   23
   22   21   19   18   17   16   16   16   16   17   17   17   17   17   16   16
   15   15   14   14   14   15   15   16   17
    70.0-180.0 180.0   5.0 450.0                            LAT/LON1/LON2/DLON/H
   19   20   21   22   23   24   24   23   21   19   16   13   11    9    9    9
   11   13   15   17   19   20   21   20   19   17   15   13   12   11   11   11
   12   14   16   18   20   22   23   25   27   28   29   30   31   32   31   31
   30   28   26   25   23   22   21   21   21   21   21   21   20   19   19   18
   17   16   16   16   16   16   17   18   19
    67.5-180.0 180.0   5.0 450.0                            LAT/LON1/LON2/DLON/H
   20   21   22   24   25   26   26   26   24   22   19   16   14   12   11   12
   13   15   18   20   22   23   23   22   20   17   15   12   11   10   10   11
   12   14   16   18   21   23   25   27   29   31   33   35   37   39   39   39
   38   36   34   32   29   27   26   25   24   24   24   23   22   21   20   19
   18   17   17   18   18   18   19   19   20
    65.0-180.0 180.0   5.0 450.0                            LAT/LON1/LON2/DLON/H
   20   21   22   23   24   26   27   27   26   24   21   19   16   14   13   13
   14   17   19   21   23   23   23   21   18   15   13   10    9    8    9   10
   12   15   17   20   22   25   27   30   32   35   37   40   43   45   47   47
   46   44   41   38   35   32   29   28   27   26   25   24   23   21   20   19
   18   18   18   19   20   20   20   20   20
    62.5-180.0 180.0   5.0 450.0                            LAT/LON1/LON2/DLON/H
   20   19   19   20   22   24   25   26   26   24   22   19   17   15   14   14
   15   16   18   20   21   21   20   18   15   12    9    8    7    8    9   12
   15   18   20   23   26   28   31   33   36   39   42   45   48   51   53   54
   53   51   47   43   39   35   32   29   28   27   26   24   23   21   19   18
   17   18   19   20   21   22   21   21   20
    60.0-180.0 180.0   5.0 450.0                            LAT/LON1/LON2/DLON/H
   19   17   17   17   18   20   22   23   23   23   21   19   17   15   14   14
   14   15   16   17   17   17   16   14   11    8    6    6    6    9   12   15
   19   22   25   28   31   33   36   38   41   44   47   50   54   57   59   60
   59   57   53   48   43   38   34   31   29   28   26   24   22   20   18   17
   17   18   20   22   23   24   23   21   19
    57.5-180.0 180.0   5.0 450.0                            LAT/LON1/LON2/DLON/H
   19   17   15   15   15   17   18   19   20   20   19   18   16   15   14   13
   12   13   13   13   13   13   12   10    8    6    5    6    8   12   17   21
   26   30   33   35   38   40   43   46   48   51   54   57   60   63   65   66
   65   62   58   53   47   42   38   34   32   30   28   26   24   21   19   18
   18   20   22   24   26   26   24   22   19
    55.0-180.0 180.0   5.0 450.0                            LAT/LON1/LON2/DLON/H
   22   19   16   15   15   15   16   17   18   18   17   17   16   15   14   13
   12   11   11   10   10   10    9    8    7    6    6    8   12   18   24   30
   35   38   41   44   46   49   52   55   58   60   62   64   67   69   71   71
   70   68   64   59   54   49   44   40   37   35   33   31   28   25   23   22
   22   24   26   28   29   29   28   25   22
    52.5-180.0 180.0   5.0 450.0                            LAT/LON1/LON2/DLON/H
   27   24   21   20   19   18   18   18   18   18   17   17   16   16   15   14
   13   11   10   10    9    9    9    9    9    8   10   13   18   25   33   39
   44   47   50   52   55   59   63   66   69   71   72   73   74   76   77   77
   77   74   71   67   62   58   53   49   46   43   40   38   35   32   30   29
   29   30   32   33   34   34   32   30   27
    50.0-180.0 180.0   5.0 450.0                            LAT/LON1/LON2/DLON/H
   35   33   31   29   27   26   24   23   22   21   20   20   19   19   18   17
   16   14   13   12   12   12   13   13   14   14   16   20   26   34   42   48
   53   56   58   60   63   68   73   78   81   82   83   82   83   83   84   84
   84   82   80   77   73   69   64   60   56   52   49   46   44   41   40   39
   38   39   40   40   40   40   38   37   35
    47.5-180.0 180.0   5.0 450.0                            LAT/LON1/LON2/DLON/H
   44   44   43   41   39   37   34   31   29   27   26   25   24   24   24   23
   22   20   19   18   18   19   20   21   21   21   23   27   34   42   50   56
   60   63   64   66   71   77   83   89   92   94   93   92   91   91   91   92
   92   91   90   87   84   81   76   71   66   62   58   55   53   51   50   49
   49   49   49   48   47   46   46   45   44
    45.0-180.0 180.0   5.0 450.0                            LAT/LON1/LON2/DLON/H
   54   55   55   54   52   49   46   42   39   36   34   33   32   32   32   32
   31   29   27   26   26   28   29   30   30   30   31   35   41   49   56   62
   66   67   69   72   77   85   93   99  103  104  103  101   99   98   98   99
  100  100   99   97   95   91   86   81   75   69   65   62   60   59   59   59
   60   59   58   56   54   53   52   53   54
    42.5-180.0 180.0   5.0 450.0                            LAT/LON1/LON2/DLON/H
   61   63   65   64   63   60   57   54   50   46   44   42   41   41   41   41
   41   39   38   37   37   38   39   39   39   38   38   41   47   54   61   66
   70   71   73   77   84   93  102  109  113  114  112  109  106  105  105  106
  107  107  107  105  103   99   93   87   80   74   69   66   64   64   65   67
   68   67   65   62   59   58   58   59   61
    40.0-180.0 180.0   5.0 450.0                            LAT/LON1/LON2/DLON/H
   66   68   70   70   70   68   66   63   59   56   53   51   50   50   51   52
   52   51   49   48   48   48   49   49   47   46   45   47   52   58   65   70
   73   75   78   84   92  102  112  120  123  123  120  116  113  111  111  112
  113  114  113  111  108  103   97   90   83   77   71   68   66   66   68   71
   72   72   70   66   63   61   61   63   66
    37.5-180.0 180.0   5.0 450.0                            LAT/LON1/LON2/DLON/H
   66   68   70   71   71   70   69   68   65   63   60   58   58   59   60   62
   62   61   60   58   58   58   58   57   55   52   51   53   57   63   68   73
   77   81   86   93  103  114  124  131  134  132  128  123  119  117  117  118
  119  118  117  114  110  105   99   92   85   79   74   70   67   66   68   71
   74   74   72   68   65   63   63   64   66
    35.0-180.0 180.0   5.0 450.0                            LAT/LON1/LON2/DLON/H
   63   64   65   66   67   67   68   68   68   66   64   63   63   65   68   70
   71   70   68   67   66   66   66   64   61   58   57   59   63   68   74   79
   84   89   97  107  118  129  138  144  145  142  137  131  126  123  122  123
  123  122  119  115  111  106  100   95   90   85   80   75   70   67   68   70
   73   74   72   69   65   63   62   63   63
    32.5-180.0 180.0   5.0 450.0                            LAT/LON1/LON2/DLON/H
   59   59   59   59   60   61   63   65   66   66   65   65   66   69   73   75
   76   76   75   73   73   72   71   69   66   64   64   66   70   75   81   86
   93  101  111  123  135  146  154  158  157  153  147  140  134  130  128  128
  128  126  123  118  113  109  106  103  101   98   93   86   78   72   69   69
   71   72   71   68   65   63   61   60   59
    30.0-180.0 180.0   5.0 450.0                            LAT/LON1/LON2/DLON/H
   56   54   53   52   53   55   57   60   62   63   63   64   67   70   74   77
   78   78   77   77   76   76   75   73   70   69   70   74   79   84   89   95
  104  115  128  142  154  164  170  172  170  165  159  152  145  140  137  136
  135  132  128  123  119  117  117  118  120  119  114  105   93   81   73   70
   70   71   70   68   66   63   61   59   56
    27.5-180.0 180.0   5.0 450.0                            LAT/LON1/LON2/DLON/H
   55   52   50   49   49   50   52   55   57   59   60   62   65   69   73   76
   77   77   77   77   77   77   76   74   72   72   75   81   88   93   99  105
  115  129  144  160  173  181  185  185  181  177  171  165  159  153  149  146
  144  141  137  134  132  133  136  141  146  148  143  131  114   96   82   74
   71   70   70   69   67   65   62   59   55
    25.0-180.0 180.0   5.0 450.0                            LAT/LON1/LON2/DLON/H
   57   54   52   51   50   50   50   52   54   55   57   59   62   66   70   72
   73   73   73   74   74   74   74   72   72   73   79   87   95  101  107  114
  126  141  159  176  188  195  197  195  191  188  184  180  175  169  164  160
  157  154  151  149  150  154  162  171  179  182  177  162  140  115   94   80
   74   72   71   70   68   67   64   60   57
    22.5-180.0 180.0   5.0 450.0                            LAT/LON1/LON2/DLON/H
   61   59   58   57   55   53   52   52   53   54   55   57   60   63   66   67
   67   67   68   68   69   70   69   68   68   71   79   89   98  106  112  120
  133  151  170  187  199  205  206  203  200  198  197  196  193  188  183  178
  174  171  169  169  172  180  191  203  213  218  211  193  165  134  107   89
   79   75   73   72   70   69   66   63   61
    20.0-180.0 180.0   5.0 450.0                            LAT/LON1/LON2/DLON/H
   65   65   65   65   62   59   56   55   54   54   55   56   58   60   61   61
   61   61   61   62   63   63   62   62   62   67   76   87   98  106  114  123
  137  156  176  194  206  211  211  208  206  207  209  212  212  209  204  198
  194  190  189  191  197  206  219  233  244  248  241  220  188  152  121   98
   86   79   76   74   72   71   68   66   65
    17.5-180.0 180.0   5.0 450.0                            LAT/LON1/LON2/DLON/H
   68   70   72   72   69   65   61   58   57   57   57   57   58   58   58   57
   55   55   55   55   56   55   54   54   55   60   69   82   94  104  112  123
  138  157  178  196  208  213  214  212  212  215  221  227  230  229  225  220
  214  211  210  213  219  230  243  257  267  270  261  238  204  166  132  107
   92   84   80   77   74   72   70   68   68
    15.0-180.0 180.0   5.0 450.0                            LAT/LON1/LON2/DLON/H
   69   72   74   75   72   68   64   61   60   59   59   58   58   57   56   53
   52   51   50   50   49   48   47   46   47   52   62   75   87   98  108  120
  136  156  177  195  208  214  216  217  218  224  232  241  247  248  246  240
  235  231  230  232  238  248  259  271  280  281  270  247  213  175  140  115
   99   90   84   80   75   72   70   69   69
    12.5-180.0 180.0   5.0 450.0                            LAT/LON1/LON2/DLON/H
   68   70   72   73   71   67   64   62   61   61   61   60   59   57   55   52
   50   49   48   47   45   43   40   39   41   46   55   68   81   93  104  117
  134  155  176  194  207  215  220  222  226  233  243  253  261  264  263  259
  253  248  246  247  251  259  268  276  282  282  271  249  217  180  147  122
  106   96   89   83   78   73   69   68   68
    10.0-180.0 180.0   5.0 450.0                            LAT/LON1/LON2/DLON/H
   65   66   66   66   65   62   60   60   60   61   61   60   59   57   55   52
   50   49   48   46   43   39   37   36   38   43   52   63   76   89  101  116
  134  154  174  193  207  217  225  230  236  243  252  262  271  276  276  273
  268  262  259  258  259  263  269  275  279  277  267  247  218  185  154  130
  114  104   96   89   81   75   70   67   65
     7.5-180.0 180.0   5.0 450.0                            LAT/LON1/LON2/DLON/H
   64   61   59   57   56   54   54   55   56   58   59   59   58   57   55   53
   51   51   50   47   43   38   36   36   39   44   52   63   75   88  102  117
  135  155  174  192  208  220  231  239  247  254  261  269  277  282  284  283
  278  273  268  265  263  264  266  270  273  271  263  246  222  192  164  141
  124  113  105   96   87   79   72   67   64
     5.0-180.0 180.0   5.0 450.0                            LAT/LON1/LON2/DLON/H
   65   58   53   49   47   47   47   49   51   53   55   56   56   55   54   53
   52   52   51   48   44   39   37   39   43   49   57   67   78   91  106  121
  139  157  175  193  209  223  237  248  257  263  267  272  278  284  287  287
  284  279  274  269  266  264  264  267  269  269  263  250  230  204  177  154
  137  125  115  105   95   86   78   72   65
     2.5-180.0 180.0   5.0 450.0                            LAT/LON1/LON2/DLON/H
   71   61   52   46   43   42   42   43   45   48   50   51   52   52   52   51
   52   52   52   49   44   40   40   43   50   57   66   74   85   98  112  127
  143  160  177  193  209  225  241  255  265  270  271  273  276  281  285  287
  286  282  278  273  268  265  265  267  271  273  270  261  244  221  194  170
  151  137  126  116  106   96   88   80   71
