data/satellite/IONO/corg2350.15i
     1.0            IONOSPHERE MAPS     GNSS                IONEX VERSION / TYPE
ADDNEQ2 V5.3        AIUB                24-AUG-15 09:36     PGM / RUN BY / DATE 
CODE'S RAPID IONOSPHERE MAPS FOR DAY 235, 2015              COMMENT             
Global ionosphere maps (GIM) are generated on a daily basis DESCRIPTION         
at CODE using data from about 120 GNSS sites of the IGS and DESCRIPTION         
other institutions. The vertical total electron content     DESCRIPTION         
(VTEC) is modeled in a solar-geomagnetic reference frame    DESCRIPTION         
using a spherical harmonics expansion up to degree and      DESCRIPTION         
order 15. Piece-wise linear functions are used for          DESCRIPTION         
representation in the time domain. The time spacing of      DESCRIPTION         
their vertices is 1 hour, conforming with the epochs of the DESCRIPTION         
VTEC maps. Instrumental biases, so-called differential      DESCRIPTION         
P1-P2 code biases (DCB), for all GNSS satellites and ground DESCRIPTION         
stations are estimated as constant values for each day,     DESCRIPTION         
simultaneously with the 25 times 256, or 6400 parameters    DESCRIPTION         
used to represent the global VTEC distribution. The DCB     DESCRIPTION         
datum is defined by a zero-mean condition imposed on the    DESCRIPTION         
satellite bias estimates. P1-C1 bias corrections are taken  DESCRIPTION         
into account if needed. To convert line-of-sight TEC into   DESCRIPTION         
vertical TEC, a modified single-layer model mapping         DESCRIPTION         
function approximating the JPL extended slab model mapping  DESCRIPTION         
function is adopted. The mapping function is evaluated at   DESCRIPTION         
geodetic satellite elevation angles. For the computation of DESCRIPTION         
the ionospheric pierce points, a spherical layer with a     DESCRIPTION         
radius of 6821 km is assumed, implying geocentric, not      DESCRIPTION         
geodetic IONEX latitudes.                                   DESCRIPTION         
Note: These GIM results correspond to the results for the   DESCRIPTION         
last day of a 3-day combination analysis solving for 73     DESCRIPTION         
times 256, or 18688 VTEC parameters and 3 sets of daily     DESCRIPTION         
satellite and receiver DCB constants.                       DESCRIPTION         
Contact address: code(at)aiub.unibe.ch                      DESCRIPTION         
Web page:        www.aiub.unibe.ch/content/ionosphere/      DESCRIPTION         
Data archive:    ftp.unibe.ch/aiub/CODE/                    DESCRIPTION         
                 www.aiub.unibe.ch/download/CODE/           DESCRIPTION         
  2015     8    23     0     0     0                        EPOCH OF FIRST MAP  
  2015     8    24     0     0     0                        EPOCH OF LAST MAP   
  3600                                                      INTERVAL            
    25                                                      # OF MAPS IN FILE   
  NONE                                                      MAPPING FUNCTION    
    10.0                                                    ELEVATION CUTOFF    
One-way carrier phase leveled to code                       OBSERVABLES USED    
[...]
    87.5 -87.5  -2.5                                        LAT1 / LAT2 / DLAT  
  -180.0 180.0   5.0                                        LON1 / LON2 / DLON  
    -1                                                      EXPONENT            
TEC/RMS values in 0.1 TECU; 9999, if no value available     COMMENT             
Peak TEC values for the included maps:                      COMMENT             
 491  499  504  506  495  518  526  524  528  532  517  547 COMMENT             
 537  506  481  471  475  504  508  524  539  557  563  569 COMMENT             
 570                                                        COMMENT             
List of stations:                                           COMMENT             
adis albh algo alic alrt amc2 amu2 ankr areq artu aspa badg COMMENT             
bake bjco bogo bor1 brmu brst brux bshm call cas1 cedu chpi COMMENT             
chur coco cord crar cro1 darw dav1 dgar dgav dubo fair faiv COMMENT             
flin flrs frdn func ganp glps glsv gode godz gope guam guat COMMENT             
guug hert hnpt hob2 hofn holm hrao hyde iisc invk iqal irkj COMMENT             
ispa joz2 kerg kir0 kokb kour lama lhaz lpal mac1 mal2 mas1 COMMENT             
mat1 mate maw1 mcm4 mdvj mkea mobj mobs nano nklg not1 novm COMMENT             
ohi3 onsa park pdel penc pert pfa2 pots qaq1 rabt rbay reso COMMENT             
reun reyk sant sch2 sey1 sofi stjo str2 suth sydn syog tid1 COMMENT             
tow2 usud vald whit wtzz xmis yarr ykro yssk zim2 zimm      COMMENT             
                                                            END OF HEADER       
[from data line 10296]
    25                                                      START OF TEC MAP    
  2015     8    24     0     0     0                        EPOCH OF CURRENT MAP
    87.5-180.0 180.0   5.0 450.0                            LAT/LON1/LON2/DLON/H
  106  106  106  106  106  106  106  106  105  105  105  104  103  103  102  101
  100   99   98   97   96   95   94   93   92   91   90   89   88   87   86   85
   84   84   83   83   82   82   82   82   82   83   83   83   84   85   85   86
   87   88   89   90   91   92   93   94   95   96   97   98   99  100  101  101
  102  103  103  104  104  105  105  106  106
    85.0-180.0 180.0   5.0 450.0                            LAT/LON1/LON2/DLON/H
  117  117  117  118  118  118  118  118  117  117  116  115  114  113  112  111
  109  108  106  104  103  101   99   97   95   92   90   88   86   84   83   81
   79   78   77   76   75   75   74   75   75   76   76   77   79   80   82   84
   86   88   89   91   93   95   97   99  101  102  104  105  107  108  109  110
  111  112  113  114  114  115  116  116  117
    82.5-180.0 180.0   5.0 450.0                            LAT/LON1/LON2/DLON/H
  123  124  125  125  126  126  127  127  126  126  126  125  124  123  122  120
  118  117  115  113  110  108  105  103  100   97   95   92   89   86   84   81
   79   77   75   74   73   72   72   72   72   73   75   76   78   81   83   86
   89   92   95   97  100  102  105  107  109  110  112  113  114  115  116  117
  118  119  119  120  121  121  122  123  123
    80.0-180.0 180.0   5.0 450.0                            LAT/LON1/LON2/DLON/H
  125  126  127  128  129  130  131  132  132  132  132  131  130  129  128  127
  125  123  121  119  117  115  112  109  106  103  101   98   95   92   89   86
   83   80   78   76   74   73   73   73   73   75   77   79   82   85   88   92
   95   99  102  105  108  110  112  114  116  117  118  119  120  120  121  121
  121  121  121  122  122  123  123  124  125
    77.5-180.0 180.0   5.0 450.0                            LAT/LON1/LON2/DLON/H
  122  124  125  127  128  130  132  133  134  134  134  134  133  132  131  130
  128  127  125  123  121  119  116  113  111  108  105  103  100   97   94   92
   89   86   83   80   78   77   76   76   76   78   80   83   87   91   95   98
  102  106  109  112  114  116  117  119  120  120  121  121  121  121  121  120
  120  120  119  119  119  120  120  121  122
    75.0-180.0 180.0   5.0 450.0                            LAT/LON1/LON2/DLON/H
  116  118  120  122  124  127  129  131  132  133  134  133  133  132  131  130
  128  127  125  123  121  119  116  114  111  109  107  105  103  101   98   96
   93   90   87   84   81   79   78   77   78   80   83   86   90   95   99  103
  107  110  112  114  116  117  117  118  118  118  118  118  118  118  117  116
  116  115  115  114  114  114  114  115  116
    72.5-180.0 180.0   5.0 450.0                            LAT/LON1/LON2/DLON/H
  110  111  113  116  119  122  125  128  130  132  132  132  131  130  129  128
  126  125  123  121  118  115  112  109  107  104  103  102  101  100   99   97
   95   92   88   84   81   78   76   75   76   78   81   85   90   95   99  103
  106  109  110  111  112  112  112  111  111  112  112  112  112  112  111  111
  111  110  110  109  109  109  109  109  110
    70.0-180.0 180.0   5.0 450.0                            LAT/LON1/LON2/DLON/H
  106  107  108  110  113  117  121  125  128  130  131  131  131  129  127  126
  124  122  120  117  114  110  105  101   98   96   94   94   94   94   94   94
   92   89   85   80   76   72   69   68   69   71   75   79   84   89   94   98
  100  102  103  102  102  101  101  100  101  101  102  103  104  105  106  106
  106  107  107  107  107  107  106  106  106
    67.5-180.0 180.0   5.0 450.0                            LAT/LON1/LON2/DLON/H
  106  105  105  106  109  113  117  122  126  130  131  132  131  129  127  125
  123  120  118  114  109  103   97   92   87   84   83   83   84   85   86   86
   85   81   77   71   66   61   58   57   57   60   63   69   74   79   84   88
   90   91   90   90   88   87   87   87   88   90   93   95   98  100  102  104
  105  107  108  109  109  109  109  108  106
    65.0-180.0 180.0   5.0 450.0                            LAT/LON1/LON2/DLON/H
  111  108  106  105  107  110  114  120  125  130  132  133  133  131  129  126
  124  121  117  112  106   99   91   83   77   73   71   71   73   75   77   77
   75   72   66   60   54   49   45   43   44   46   50   55   61   66   71   74
   76   77   76   75   74   74   74   76   78   82   86   90   95   98  101  104
  107  110  113  115  117  117  116  114  111
    62.5-180.0 180.0   5.0 450.0                            LAT/LON1/LON2/DLON/H
  121  116  111  108  107  108  112  118  124  129  133  135  135  133  131  128
  126  123  119  113  106   97   87   77   70   65   62   62   64   66   68   68
   66   61   56   49   43   37   33   32   32   34   37   42   47   52   56   60
   62   63   63   63   63   64   65   68   73   78   84   90   96  100  104  108
  112  116  120  124  127  128  128  125  121
    60.0-180.0 180.0   5.0 450.0                            LAT/LON1/LON2/DLON/H
  133  127  120  114  110  109  111  116  122  128  133  135  135  134  132  130
  128  126  122  116  108   98   87   77   68   62   58   58   59   60   61   61
   58   53   47   41   35   30   27   25   24   26   28   31   35   40   44   47
   50   52   53   55   56   59   63   68   74   81   88   96  102  107  110  114
  118  122  128  133  138  141  141  138  133
    57.5-180.0 180.0   5.0 450.0                            LAT/LON1/LON2/DLON/H
  147  140  131  123  117  113  113  115  120  126  130  133  134  134  132  131
  130  129  126  121  113  103   91   80   71   64   60   59   59   59   59   57
   54   49   43   38   33   30   27   25   24   24   24   26   28   31   35   39
   42   45   49   52   57   61   67   73   81   89   98  105  111  116  118  121
  124  129  135  141  147  151  153  151  147
    55.0-180.0 180.0   5.0 450.0                            LAT/LON1/LON2/DLON/H
  160  154  146  137  128  121  118  117  120  123  127  130  131  131  130  130
  130  130  129  125  118  108   98   87   78   72   67   64   63   61   59   57
   53   49   44   40   38   36   35   33   31   29   27   26   26   28   31   35
   39   44   50   56   63   70   77   84   92  101  110  117  123  126  127  128
  130  134  140  146  153  159  162  162  160
    52.5-180.0 180.0   5.0 450.0                            LAT/LON1/LON2/DLON/H
  170  168  162  153  144  135  128  124  123  124  126  128  129  129  128  128
  129  131  131  128  123  115  105   96   88   82   76   72   69   65   62   59
   55   52   49   47   47   48   48   47   44   39   35   31   30   30   33   37
   41   48   55   64   73   82   90   97  105  114  123  130  135  136  136  135
  135  138  143  149  156  162  167  170  170
    50.0-180.0 180.0   5.0 450.0                            LAT/LON1/LON2/DLON/H
  179  180  178  172  163  153  143  135  131  128  129  129  130  129  128  128
  129  131  132  131  127  120  112  105   98   92   86   80   75   70   65   62
   59   57   56   57   60   63   64   64   60   54   47   41   38   37   39   43
   48   55   63   74   85   94  103  110  118  126  134  141  145  146  144  141
  141  142  146  152  158  163  169  175  179
    47.5-180.0 180.0   5.0 450.0                            LAT/LON1/LON2/DLON/H
  185  191  194  191  184  174  163  153  144  139  136  136  135  133  131  130
  130  132  134  133  129  123  117  111  106  100   93   86   79   73   68   65
   63   62   64   67   72   77   81   81   77   70   61   54   49   48   49   52
   57   63   72   84   95  106  114  120  127  134  142  149  153  153  151  148
  147  149  152  156  160  164  170  177  185
    45.0-180.0 180.0   5.0 450.0                            LAT/LON1/LON2/DLON/H
  191  201  207  208  204  196  185  173  162  154  150  148  146  143  139  135
  134  135  136  135  131  126  121  116  111  106   98   89   81   74   70   68
   67   68   71   76   83   90   95   95   92   85   76   68   63   60   61   63
   66   72   80   91  103  113  121  127  133  140  148  155  159  159  158  156
  156  158  162  164  166  167  172  180  191
    42.5-180.0 180.0   5.0 450.0                            LAT/LON1/LON2/DLON/H
  197  209  217  221  219  214  206  194  182  172  166  163  161  157  150  144
  141  140  140  138  134  128  123  120  116  109  100   90   81   75   72   71
   71   73   77   83   91   99  105  106  104   97   89   82   76   73   73   73
   75   79   85   95  106  116  124  130  136  143  152  159  163  164  163  163
  166  171  175  178  177  176  178  186  197
    40.0-180.0 180.0   5.0 450.0                            LAT/LON1/LON2/DLON/H
  207  218  225  229  229  227  222  213  201  190  183  180  177  171  163  154
  148  146  145  142  137  131  127  124  120  113  103   91   81   75   74   74
   76   78   82   89   97  105  111  114  112  107  101   94   88   85   83   82
   82   83   87   95  106  116  125  132  139  147  155  162  166  167  167  170
  176  185  193  196  195  191  191  197  207
    37.5-180.0 180.0   5.0 450.0                            LAT/LON1/LON2/DLON/H
  221  229  233  233  234  235  234  227  216  204  196  192  190  184  173  162
  155  152  151  147  142  136  133  131  127  119  106   93   82   77   77   79
   82   84   87   93  101  109  115  118  117  114  109  103   98   93   91   89
   87   85   86   92  102  113  124  134  142  151  160  166  168  168  169  174
  185  199  211  218  217  213  210  213  221
    35.0-180.0 180.0   5.0 450.0                            LAT/LON1/LON2/DLON/H
  241  244  242  238  237  239  242  238  227  213  203  199  197  190  179  167
  159  157  156  154  148  143  141  140  137  128  113   97   85   81   82   85
   88   90   92   98  105  112  117  120  120  118  115  110  104   98   95   91
   88   84   83   87   96  110  124  137  149  159  166  170  170  168  169  176
  190  210  229  240  243  238  235  236  241
    32.5-180.0 180.0   5.0 450.0                            LAT/LON1/LON2/DLON/H
  266  265  257  247  242  246  251  250  238  220  207  201  198  191  179  167
  160  160  162  161  157  153  153  153  150  139  122  104   91   87   89   93
   95   96   98  102  109  115  119  120  120  119  117  112  105   99   94   91
   87   82   78   81   91  107  126  144  158  169  174  174  171  166  166  174
  192  217  242  260  267  266  263  263  266
    30.0-180.0 180.0   5.0 450.0                            LAT/LON1/LON2/DLON/H
  295  291  279  263  256  260  268  267  252  230  211  201  195  187  175  164
  160  164  169  170  167  165  166  168  165  152  133  113   99   94   96  100
  102  102  103  107  113  118  120  118  117  116  115  111  103   95   90   87
   83   78   73   74   85  105  129  152  170  180  183  178  171  163  162  170
  189  219  251  276  289  291  290  292  295
    27.5-180.0 180.0   5.0 450.0                            LAT/LON1/LON2/DLON/H
  324  322  308  290  282  287  297  296  278  248  221  206  197  186  173  164
  163  170  178  181  179  178  180  182  178  165  144  122  107  102  104  107
  108  107  107  110  116  120  119  114  111  110  110  106   98   89   83   81
   79   73   68   69   81  105  135  163  182  191  190  181  170  160  157  165
  185  218  255  287  305  311  314  319  324
    25.0-180.0 180.0   5.0 450.0                            LAT/LON1/LON2/DLON/H
  352  354  343  327  320  328  341  340  317  280  245  222  208  195  180  171
  173  184  193  196  193  190  192  194  189  174  152  130  115  110  111  114
  114  111  110  112  117  119  116  108  103  102  102   99   90   81   76   75
   74   69   63   64   78  107  141  172  193  199  194  182  168  158  155  162
  182  216  257  294  316  326  331  341  352
    22.5-180.0 180.0   5.0 450.0                            LAT/LON1/LON2/DLON/H
  374  384  380  369  366  378  395  396  370  327  285  256  236  218  202  193
  196  207  216  216  209  203  202  201  194  179  158  137  123  118  119  121
  120  115  111  112  115  116  110  100   93   92   94   92   83   73   68   69
   70   66   60   60   77  108  147  180  199  203  194  180  167  159  158  164
  183  216  259  299  324  335  343  356  374
    20.0-180.0 180.0   5.0 450.0                            LAT/LON1/LON2/DLON/H
  389  408  413  409  413  432  454  457  432  386  341  307  282  260  241  230
  233  243  247  241  227  215  209  204  194  179  160  143  132  128  129  130
  127  120  113  110  112  111  103   92   83   83   86   86   78   67   62   64
   66   63   56   58   76  110  151  184  201  202  191  178  168  165  166  173
  190  222  265  306  332  342  349  365  389
    17.5-180.0 180.0   5.0 450.0                            LAT/LON1/LON2/DLON/H
  398  425  437  441  452  477  505  514  493  450  405  370  343  318  296  283
  283  288  285  269  247  227  213  203  190  176  161  150  144  141  142  141
  136  127  116  109  108  105   97   85   76   77   82   83   75   64   58   60
   63   60   54   56   75  112  153  185  199  196  186  176  173  175  181  189
  205  235  276  316  341  349  353  370  398
    15.0-180.0 180.0   5.0 450.0                            LAT/LON1/LON2/DLON/H
  403  433  451  460  475  505  539  555  541  505  467  436  410  384  359  344
  340  338  325  300  267  239  217  201  186  173  164  160  159  159  158  156
  149  136  121  110  105  102   94   82   74   76   82   84   76   63   56   58
   61   58   52   55   75  112  152  181  193  189  180  176  180  191  202  211
  226  253  293  331  354  359  360  374  403
    12.5-180.0 180.0   5.0 450.0                            LAT/LON1/LON2/DLON/H
  407  435  453  463  479  511  548  570  566  542  515  492  471  446  422  404
  395  386  364  328  287  250  223  201  183  173  171  175  179  179  177  173
  163  148  129  113  106  102   95   85   78   80   86   88   78   64   56   56
   59   56   51   54   75  111  149  175  184  181  176  179  192  210  225  236
  250  276  313  350  371  374  372  382  407
    10.0-180.0 180.0   5.0 450.0                            LAT/LON1/LON2/DLON/H
  414  435  447  452  465  493  530  556  562  552  538  527  514  494  471  453
  441  424  394  350  303  262  230  205  186  179  183  193  201  202  197  189
  178  160  138  119  109  106  101   93   87   88   93   93   82   66   56   55
   57   55   51   54   75  109  144  166  174  174  175  186  206  229  248  261
  275  299  334  370  391  394  391  396  414
     7.5-180.0 180.0   5.0 450.0                            LAT/LON1/LON2/DLON/H
  427  437  439  435  439  460  492  519  531  534  535  536  532  519  500  483
  468  447  412  364  315  273  240  214  196  191  200  214  223  221  212  201
  188  170  147  127  116  113  111  105  100   99  101   98   85   68   57   55
   57   55   52   55   74  105  136  156  164  168  176  194  220  246  267  281
  295  318  352  387  411  417  415  417  427
     5.0-180.0 180.0   5.0 450.0                            LAT/LON1/LON2/DLON/H
  446  444  433  418  412  422  445  468  483  495  507  518  523  517  504  489
  475  452  415  368  322  283  253  228  211  208  219  234  241  235  220  205
  191  173  152  132  122  121  122  118  112  108  106  100   85   68   57   55
   58   57   54   57   73   99  125  143  153  163  179  202  231  257  279  294
  308  330  362  397  425  438  441  443  446
     2.5-180.0 180.0   5.0 450.0                            LAT/LON1/LON2/DLON/H
  465  454  434  409  393  393  404  419  432  446  465  483  494  494  486  475
  462  440  405  363  323  291  266  244  229  226  237  249  251  239  218  199
  184  169  151  134  126  127  130  128  122  114  108   98   83   67   57   57
   60   59   56   58   70   91  112  128  142  158  181  208  236  261  282  298
  313  333  362  397  429  451  462  467  465
