data/satellite/IONO/corg2350.15i
     1.0            IONOSPHERE MAPS     GNSS                IONEX VERSION / TYPE
ADDNEQ2 V5.3        AIUB                24-AUG-15 09:36     PGM / RUN BY / DATE 
CODE'S RAPID IONOSPHERE MAPS FOR DAY 235, 2015              COMMENT             
Global ionosphere maps (GIM) are generated on a daily basis DESCRIPTION         
at CODE using data from about 120 GNSS sites of the IGS and DESCRIPTION         
other institutions. The vertical total electron content     DESCRIPTION         
(VTEC) is modeled in a solar-geomagnetic reference frame    DESCRIPTION         
using a spherical harmonics expansion up to degree and      DESCRIPTION         
order 15. Piece-wise linear functions are used for          DESCRIPTION         
representation in the time domain. The time spacing of      DESCRIPTION         
their vertices is 1 hour, conforming with the epochs of the DESCRIPTION         
VTEC maps. Instrumental biases, so-called differential      DESCRIPTION         
P1-P2 code biases (DCB), for all GNSS satellites and ground DESCRIPTION         
stations are estimated as constant values for each day,     DESCRIPTION         
simultaneously with the 25 times 256, or 6400 parameters    DESCRIPTION         
used to represent the global VTEC distribution. The DCB     DESCRIPTION         
datum is defined by a zero-mean condition imposed on the    DESCRIPTION         
satellite bias estimates. P1-C1 bias corrections are taken  DESCRIPTION         
into account if needed. To convert line-of-sight TEC into   DESCRIPTION         
vertical TEC, a modified single-layer model mapping         DESCRIPTION         
function approximating the JPL extended slab model mapping  DESCRIPTION         
function is adopted. The mapping function is evaluated at   DESCRIPTION         
geodetic satellite elevation angles. For the computation of DESCRIPTION         
the ionospheric pierce points, a spherical layer with a     DESCRIPTION         
radius of 6821 km is assumed, implying geocentric, not      DESCRIPTION         
geodetic IONEX latitudes.                                   DESCRIPTION         
Note: These GIM results correspond to the results for the   DESCRIPTION         
last day of a 3-day combination analysis solving for 73     DESCRIPTION         
times 256, or 18688 VTEC parameters and 3 sets of daily     DESCRIPTION         
satellite and receiver DCB constants.                       DESCRIPTION         
Contact address: code(at)aiub.unibe.ch                      DESCRIPTION         
Web page:        www.aiub.unibe.ch/content/ionosphere/      DESCRIPTION         
Data archive:    ftp.unibe.ch/aiub/CODE/                    DESCRIPTION         
                 www.aiub.unibe.ch/download/CODE/           DESCRIPTION         
  2015     8    23     0     0     0                        EPOCH OF FIRST MAP  
  2015     8    24     0     0     0                        EPOCH OF LAST MAP   
  3600                                                      INTERVAL            
    25                                                      # OF MAPS IN FILE   
  NONE                                                      MAPPING FUNCTION    
    10.0                                                    ELEVATION CUTOFF    
One-way carrier phase leveled to code                       OBSERVABLES USED    
[...]
    87.5 -87.5  -2.5                                        LAT1 / LAT2 / DLAT  
  -180.0 180.0   5.0                                        LON1 / LON2 / DLON  
    -1                                                      EXPONENT            
TEC/RMS values in 0.1 TECU; 9999, if no value available     COMMENT             
Peak TEC values for the included maps:                      COMMENT             
 491  499  504  506  495  518  526  524  528  532  517  547 COMMENT             
 537  506  481  471  475  504  508  524  539  557  563  569 COMMENT             
 570                                                        COMMENT             
List of stations:                                           COMMENT             
adis albh algo alic alrt amc2 amu2 ankr areq artu aspa badg COMMENT             
bake bjco bogo bor1 brmu brst brux bshm call cas1 cedu chpi COMMENT             
chur coco cord crar cro1 darw dav1 dgar dgav dubo fair faiv COMMENT             
flin flrs frdn func ganp glps glsv gode godz gope guam guat COMMENT             
guug hert hnpt hob2 hofn holm hrao hyde iisc invk iqal irkj COMMENT             
ispa joz2 kerg kir0 kokb kour lama lhaz lpal mac1 mal2 mas1 COMMENT             
mat1 mate maw1 mcm4 mdvj mkea mobj mobs nano nklg not1 novm COMMENT             
ohi3 onsa park pdel penc pert pfa2 pots qaq1 rabt rbay reso COMMENT             
reun reyk sant sch2 sey1 sofi stjo str2 suth sydn syog tid1 COMMENT             
tow2 usud vald whit wtzz xmis yarr ykro yssk zim2 zimm      COMMENT             
                                                            END OF HEADER       
[from data line 2574]
     7                                                      START OF TEC MAP    
  2015     8    23     6     0     0                        EPOCH OF CURRENT MAP
    87.5-180.0 180.0   5.0 450.0                            LAT/LON1/LON2/DLON/H
   97   97   98   98   99  100  100  101  102  103  104  104  105  106  107  107
  108  108  109  109  110  110  110  110  110  110  109  109  109  108  108  107
  107  106  106  105  104  104  103  102  102  101  101  100  100   99   99   98
   98   98   98   98   98   97   97   97   97   97   97   97   97   97   96   96
   96   96   96   96   96   96   96   97   97
    85.0-180.0 180.0   5.0 450.0                            LAT/LON1/LON2/DLON/H
   92   93   93   94   95   96   98  100  101  103  105  107  108  110  111  113
  114  115  115  116  116  116  116  116  116  115  115  114  114  113  112  111
  110  109  107  106  105  103  102  101   99   98   97   97   96   96   96   96
   96   97   97   98   99   99  100  100  101  101  101  101  100  100   99   98
   97   96   95   94   93   93   92   92   92
    82.5-180.0 180.0   5.0 450.0                            LAT/LON1/LON2/DLON/H
   89   89   89   90   91   93   95   97  100  102  105  108  110  112  114  116
  117  118  118  118  118  117  117  116  115  114  114  113  112  112  111  110
  109  108  106  105  103  101   99   97   95   94   92   92   91   92   93   94
   96   98  100  103  106  108  111  112  114  115  115  115  114  113  111  108
  106  103  101   98   95   93   92   90   89
    80.0-180.0 180.0   5.0 450.0                            LAT/LON1/LON2/DLON/H
   90   89   88   88   89   90   93   95   98  101  104  107  110  113  114  116
  116  116  116  114  113  111  110  108  107  106  105  104  104  104  105  105
  104  104  103  101   99   97   95   92   90   88   87   87   87   89   91   94
   98  103  108  113  119  124  128  132  135  137  138  137  136  134  130  126
  122  117  112  107  103   99   95   92   90
    77.5-180.0 180.0   5.0 450.0                            LAT/LON1/LON2/DLON/H
   95   92   90   89   89   90   91   94   96   99  102  106  108  111  112  113
  112  111  109  106  103  100   97   94   92   90   90   90   91   93   94   96
   97   98   98   97   96   93   91   88   86   84   83   83   85   88   92   97
  103  111  118  127  135  142  149  155  159  162  163  163  161  158  153  148
  141  135  128  121  115  109  103   99   95
    75.0-180.0 180.0   5.0 450.0                            LAT/LON1/LON2/DLON/H
  103   99   96   93   91   91   91   92   94   97   99  102  105  107  108  108
  107  105  101   97   92   87   82   78   75   73   73   74   76   80   83   86
   89   91   93   93   92   90   88   85   83   82   82   83   86   90   96  103
  111  120  130  140  150  159  168  175  180  183  184  184  182  178  173  166
  159  152  144  136  128  121  114  108  103
    72.5-180.0 180.0   5.0 450.0                            LAT/LON1/LON2/DLON/H
  114  108  103   99   95   93   91   91   92   93   95   97  100  101  102  102
  101   98   93   88   82   75   70   65   61   59   59   61   64   68   73   78
   82   86   88   88   88   87   85   83   82   82   84   87   91   97  104  112
  121  131  141  152  162  171  180  186  191  194  196  195  192  189  183  177
  171  164  156  149  141  134  127  120  114
    70.0-180.0 180.0   5.0 450.0                            LAT/LON1/LON2/DLON/H
  124  117  111  104   99   94   91   89   88   89   90   92   94   96   97   97
   95   92   88   82   75   68   62   56   52   51   51   53   57   62   67   72
   77   80   83   84   84   83   83   83   84   86   89   95  101  108  116  124
  133  141  150  159  168  176  182  188  191  193  194  193  190  187  183  179
  174  168  163  157  150  144  137  130  124
    67.5-180.0 180.0   5.0 450.0                            LAT/LON1/LON2/DLON/H
  132  124  117  109  102   95   90   86   84   84   84   86   88   90   91   92
   90   88   83   78   71   64   58   53   50   49   50   52   56   60   64   69
   73   76   78   79   80   80   81   83   86   91   98  106  114  123  131  138
  144  151  156  162  168  173  177  180  181  181  181  179  177  175  173  171
  169  166  163  160  155  150  145  139  132
    65.0-180.0 180.0   5.0 450.0                            LAT/LON1/LON2/DLON/H
  138  130  121  112  103   94   88   83   80   79   80   81   83   85   86   86
   85   83   79   74   68   63   58   54   52   52   53   56   59   62   64   67
   69   71   72   74   75   77   79   83   90   98  108  119  129  139  146  152
  155  158  160  162  164  165  166  166  166  164  162  160  158  157  157  158
  159  160  160  159  156  153  149  144  138
    62.5-180.0 180.0   5.0 450.0                            LAT/LON1/LON2/DLON/H
  142  134  125  115  104   94   86   80   77   75   76   77   79   80   81   80
   79   77   73   69   64   60   57   55   55   56   58   61   63   64   64   64
   65   66   67   68   71   74   78   85   94  106  119  132  144  154  160  164
  164  164  162  161  159  158  157  154  151  148  144  141  140  140  143  146
  149  153  155  156  156  154  152  148  142
    60.0-180.0 180.0   5.0 450.0                            LAT/LON1/LON2/DLON/H
  147  140  131  120  108   96   87   80   76   74   74   75   76   76   75   74
   71   69   65   61   58   54   52   52   54   58   61   64   65   65   63   61
   60   60   62   64   68   73   79   88   99  113  128  143  156  165  171  172
  171  168  164  161  158  155  152  149  144  139  135  131  130  131  134  139
  144  148  152  154  155  155  154  152  147
    57.5-180.0 180.0   5.0 450.0                            LAT/LON1/LON2/DLON/H
  155  149  140  129  116  103   92   84   79   77   76   75   74   72   69   66
   63   59   55   52   48   46   45   46   50   55   60   63   64   62   59   55
   54   55   58   62   68   74   82   91  104  119  135  150  163  172  177  177
  175  172  168  164  162  159  156  152  148  142  136  132  130  131  134  139
  144  149  152  154  156  157  158  158  155
    55.0-180.0 180.0   5.0 450.0                            LAT/LON1/LON2/DLON/H
  166  163  155  143  130  116  104   94   88   83   80   77   74   70   65   59
   54   50   46   42   39   37   36   38   43   49   55   58   59   57   53   49
   48   51   56   63   71   79   87   97  109  123  139  154  166  175  179  179
  177  175  173  171  170  169  168  164  160  154  148  143  140  140  142  147
  151  154  156  157  159  161  164  166  166
    52.5-180.0 180.0   5.0 450.0                            LAT/LON1/LON2/DLON/H
  180  179  172  162  149  135  121  110  101   94   88   82   76   69   62   55
   49   44   40   37   33   31   30   31   35   41   48   52   53   51   47   44
   44   49   57   67   77   85   94  102  113  126  141  154  166  173  177  179
  179  179  180  181  182  183  183  180  176  171  165  159  156  155  156  158
  160  162  162  162  163  166  171  177  180
    50.0-180.0 180.0   5.0 450.0                            LAT/LON1/LON2/DLON/H
  192  194  190  181  170  156  143  130  118  108   99   89   80   71   62   54
   48   44   40   38   35   32   30   29   32   37   43   47   49   47   44   42
   43   50   61   73   84   93  101  109  118  129  141  153  164  171  175  178
  181  184  187  191  195  196  196  195  191  187  181  176  172  170  169  170
  170  169  167  166  166  171  178  186  192
    47.5-180.0 180.0   5.0 450.0                            LAT/LON1/LON2/DLON/H
  200  204  203  197  187  176  164  151  138  124  111   99   87   76   66   59
   53   50   48   47   44   41   38   36   37   39   44   47   48   47   44   43
   46   54   66   79   91  101  108  115  122  132  143  154  163  170  175  180
  184  190  196  201  204  206  205  204  201  197  193  189  185  182  180  179
  177  174  171  168  168  173  182  192  200
    45.0-180.0 180.0   5.0 450.0                            LAT/LON1/LON2/DLON/H
  200  205  206  203  197  190  181  169  155  140  124  109   96   84   75   68
   64   63   62   63   62   59   55   52   49   49   51   53   54   52   50   49
   52   60   72   85   97  107  114  121  127  136  146  156  165  172  179  184
  191  197  203  208  210  210  208  206  203  201  199  196  194  191  188  186
  183  178  173  169  169  173  181  192  200
    42.5-180.0 180.0   5.0 450.0                            LAT/LON1/LON2/DLON/H
  193  197  198  197  196  194  189  181  168  152  136  120  106   95   86   81
   79   79   81   82   83   82   79   74   69   66   65   64   64   62   60   59
   60   66   77   89  101  112  120  126  133  142  152  162  171  179  186  193
  199  205  210  213  213  211  207  204  202  201  202  202  201  199  196  193
  189  184  178  172  170  172  178  186  193
    40.0-180.0 180.0   5.0 450.0                            LAT/LON1/LON2/DLON/H
  181  182  182  182  184  187  187  183  173  160  144  129  116  106  100   96
   96   97   99  102  104  105  103   98   92   86   81   79   77   75   72   69
   69   72   80   91  103  115  124  132  140  150  160  170  181  190  198  204
  210  214  217  218  216  212  207  204  203  205  208  211  213  211  209  205
  200  194  188  181  176  174  176  179  181
    37.5-180.0 180.0   5.0 450.0                            LAT/LON1/LON2/DLON/H
  172  167  163  163  166  171  176  176  170  160  147  135  124  116  112  111
  111  111  113  116  120  123  123  119  113  105   98   93   89   86   83   79
   76   76   81   91  104  117  129  139  149  158  169  181  192  203  211  218
  222  224  224  224  222  218  214  212  213  217  224  230  234  234  231  226
  221  215  207  198  190  183  179  176  172
    35.0-180.0 180.0   5.0 450.0                            LAT/LON1/LON2/DLON/H
  173  162  152  148  149  154  159  161  160  154  146  137  129  124  122  122
  122  122  122  124  128  133  136  134  128  119  110  103   98   95   91   85
   80   78   81   91  105  121  135  147  157  167  178  190  203  215  224  231
  233  234  234  234  234  234  233  233  237  244  254  263  268  269  265  259
  253  245  237  226  215  204  194  184  173
    32.5-180.0 180.0   5.0 450.0                            LAT/LON1/LON2/DLON/H
  191  173  158  147  142  141  143  145  145  143  140  135  130  128  128  129
  128  126  124  124  128  135  140  141  136  127  117  108  102   98   94   89
   82   78   80   90  107  125  142  155  166  175  185  197  210  224  235  242
  244  244  245  248  254  259  264  268  275  285  297  307  314  315  310  302
  294  285  276  265  252  238  224  209  191
    30.0-180.0 180.0   5.0 450.0                            LAT/LON1/LON2/DLON/H
  229  206  184  166  152  142  135  131  130  131  131  130  128  128  129  130
  130  126  122  120  123  131  139  142  138  129  118  108  102   97   94   88
   82   78   79   91  109  131  150  163  172  180  188  200  215  230  243  251
  254  255  259  268  280  293  304  313  323  334  347  358  365  365  359  349
  339  330  320  310  297  283  268  250  229
    27.5-180.0 180.0   5.0 450.0                            LAT/LON1/LON2/DLON/H
  284  259  233  206  181  158  139  126  121  121  123  124  124  124  126  128
  128  124  118  114  117  125  134  138  136  127  116  105   98   94   91   86
   80   76   79   92  113  137  156  169  176  181  189  200  215  232  247  258
  263  267  275  290  309  330  347  360  372  383  395  406  412  411  404  392
  380  371  363  355  346  335  321  304  284
    25.0-180.0 180.0   5.0 450.0                            LAT/LON1/LON2/DLON/H
  346  323  295  263  227  190  156  132  119  116  118  120  119  119  121  124
  124  120  114  110  112  120  130  135  133  124  113  102   94   89   87   83
   79   76   79   94  117  141  161  172  177  181  187  198  214  232  250  263
  271  279  292  312  338  364  386  401  413  423  433  441  446  445  437  424
  411  402  397  393  390  384  376  364  346
    22.5-180.0 180.0   5.0 450.0                            LAT/LON1/LON2/DLON/H
  404  385  358  324  281  232  184  148  127  120  120  120  118  116  116  119
  120  118  113  110  112  120  129  133  131  122  111   99   91   86   84   81
   78   75   80   95  119  143  162  172  176  179  185  196  212  232  252  269
  281  293  309  334  363  391  414  430  440  447  453  459  463  461  453  440
  428  420  418  420  423  425  423  417  404
    20.0-180.0 180.0   5.0 450.0                            LAT/LON1/LON2/DLON/H
  446  432  410  377  331  275  218  172  144  133  129  126  121  116  114  116
  119  118  115  113  116  123  130  134  131  122  111  100   91   86   83   81
   78   75   80   95  118  143  160  170  174  178  185  197  213  234  256  275
  291  307  326  352  382  409  430  443  450  453  456  459  461  460  452  441
  430  425  426  434  443  451  455  454  446
    17.5-180.0 180.0   5.0 450.0                            LAT/LON1/LON2/DLON/H
  464  454  437  409  366  309  249  198  167  152  146  139  130  121  117  117
  119  120  119  118  121  127  133  135  131  123  112  102   93   87   84   82
   78   76   79   94  117  140  157  167  172  179  189  201  218  239  262  284
  303  322  343  369  395  418  435  444  447  448  447  447  448  447  441  431
  423  420  425  436  449  461  468  469  464
    15.0-180.0 180.0   5.0 450.0                            LAT/LON1/LON2/DLON/H
  456  447  435  414  378  327  270  222  191  175  167  157  145  132  124  122
  122  123  123  123  125  130  134  134  130  122  113  104   96   90   87   83
   79   75   78   92  114  137  154  164  173  183  195  209  225  245  269  294
  316  337  359  383  406  423  434  439  440  438  435  432  432  430  427  420
  414  414  421  433  447  458  464  462  456
    12.5-180.0 180.0   5.0 450.0                            LAT/LON1/LON2/DLON/H
  427  416  406  393  367  326  279  238  212  198  190  178  163  148  136  130
  128  127  125  124  125  128  130  130  126  119  112  105   99   93   89   85
   79   75   77   90  111  134  152  165  176  189  204  219  234  253  277  303
  328  351  374  397  416  428  435  437  437  434  429  425  422  421  418  415
  412  413  420  431  442  449  448  440  427
    10.0-180.0 180.0   5.0 450.0                            LAT/LON1/LON2/DLON/H
  391  373  363  354  338  309  275  245  227  218  210  199  183  166  152  142
  135  130  126  122  120  121  121  121  117  113  108  104   99   94   89   85
   79   74   75   88  110  133  152  167  181  197  213  228  242  260  284  311
  338  364  388  410  427  437  441  443  444  442  437  431  426  423  422  421
  420  423  428  435  440  440  431  412  391
     7.5-180.0 180.0   5.0 450.0                            LAT/LON1/LON2/DLON/H
  359  333  319  311  302  284  263  245  235  231  226  215  200  183  168  155
  144  134  125  117  112  110  109  108  106  103  101   99   96   92   88   83
   77   72   74   87  109  134  154  170  186  203  220  234  247  264  288  316
  345  372  398  421  439  449  454  458  462  462  458  451  443  439  437  437
  439  442  446  448  446  438  419  391  359
     5.0-180.0 180.0   5.0 450.0                            LAT/LON1/LON2/DLON/H
  343  309  288  278  271  260  248  241  239  239  235  226  212  197  182  167
  153  138  125  113  104   99   97   96   94   93   92   91   90   88   85   81
   75   71   73   87  110  135  156  173  189  206  222  234  247  264  289  317
  346  375  403  429  449  462  470  478  485  489  487  479  469  462  459  460
  463  467  469  466  459  444  419  383  343
     2.5-180.0 180.0   5.0 450.0                            LAT/LON1/LON2/DLON/H
  348  308  281  265  254  245  238  237  240  242  239  230  219  207  193  178
  161  143  127  111   98   91   88   87   85   84   84   84   84   83   80   77
   72   69   72   86  109  135  157  174  189  204  218  230  242  260  285  313
  342  371  400  428  452  469  482  494  506  514  513  505  493  482  477  479
  484  489  489  484  473  456  429  391  348
