data/satellite/IONO/corg3540.17i
     1.0            IONOSPHERE MAPS     GNSS                IONEX VERSION / TYPE
ADDNEQ2 V5.3        AIUB                21-DEC-17 07:20     PGM / RUN BY / DATE 
CODE'S RAPID IONOSPHERE MAPS FOR DAY 354, 2017              COMMENT             
Global ionosphere maps (GIM) are generated on a daily basis DESCRIPTION         
at CODE using data from about 120 GNSS sites of the IGS and DESCRIPTION         
other institutions. The vertical total electron content     DESCRIPTION         
(VTEC) is modeled in a solar-geomagnetic reference frame    DESCRIPTION         
using a spherical harmonics expansion up to degree and      DESCRIPTION         
order 15. Piece-wise linear functions are used for          DESCRIPTION         
representation in the time domain. The time spacing of      DESCRIPTION         
their vertices is 1 hour, conforming with the epochs of the DESCRIPTION         
VTEC maps.                                                  DESCRIPTION         
To convert line-of-sight TEC into vertical TEC, a modified  DESCRIPTION         
single-layer model mapping function approximating the JPL   DESCRIPTION         
extended slab model mapping function is adopted. The        DESCRIPTION         
mapping function is evaluated at geodetic satellite         DESCRIPTION         
elevation angles. For the computation of the ionospheric    DESCRIPTION         
pierce points, a spherical layer with a radius of 6821 km   DESCRIPTION         
is assumed, implying geocentric, not geodetic IONEX         DESCRIPTION         
latitudes.                                                  DESCRIPTION         
Instrumental biases with respect to each involved GNSS code DESCRIPTION         
observable are estimated as constant values for each        DESCRIPTION         
day. They are modeled with one set of bias parameters for   DESCRIPTION         
each satellite and each station in case of GPS and for each DESCRIPTION         
satellite-station link in case of GLONASS. The code bias    DESCRIPTION         
datum is defined by zero-mean conditions imposed on the     DESCRIPTION         
satellite bias estimates. In this file, just GPS C1W-C2W    DESCRIPTION         
satellite and station bias values are included. The         DESCRIPTION         
complete set of GNSS code bias results is provided in an    DESCRIPTION         
additional Bias-SINEX file as pseudo-absolute values        DESCRIPTION         
specific to each observable.                                DESCRIPTION         
Note: These GIM results correspond to the results for the   DESCRIPTION         
last day of a 3-day combination analysis solving for 73     DESCRIPTION         
times 256, or 18688 VTEC parameters and 3 daily sets of     DESCRIPTION         
GNSS code bias parameters.                                  DESCRIPTION         
Contact address: code(at)aiub.unibe.ch                      DESCRIPTION         
Data archive:    ftp.aiub.unibe.ch/CODE/                    DESCRIPTION         
                 www.aiub.unibe.ch/download/CODE/           DESCRIPTION         
  2017    12    20     0     0     0                        EPOCH OF FIRST MAP  
  2017    12    21     0     0     0                        EPOCH OF LAST MAP   
  3600                                                      INTERVAL            
[...]
    87.5 -87.5  -2.5                                        LAT1 / LAT2 / DLAT  
  -180.0 180.0   5.0                                        LON1 / LON2 / DLON  
    -1                                                      EXPONENT            
TEC/RMS values in 0.1 TECU; 9999, if no value available     COMMENT             
Peak TEC values for the included maps:                      COMMENT             
 431  450  427  387  382  381  364  344  334  324  318  308 COMMENT             
 316  338  350  343  332  326  315  304  303  306  318  331 COMMENT             
 337                                                        COMMENT             
List of stations:                                           COMMENT             
adis alic alrt ankr areq aspa auck badg bako bjco bogo brft COMMENT             
brmu brst brux bshm cas1 cedu chpi chti chur cnmr coco cord COMMENT             
darw dav1 dgar dubo faa1 fale flin frdn ganp glps glsv godz COMMENT             
gope guam guat hert hnpt hob2 hofn hrao hyde iisc invk iqal COMMENT             
isba joz2 kerg kir0 kokb kokv kour lama lhaz lpal lpgs mac1 COMMENT             
mal2 mas1 mat1 mate maw1 mbar mcm4 mdvj mizu mkea mobj mobs COMMENT             
nano nklg not1 nril ntus nya1 ohi3 onsa park penc pert pfa2 COMMENT             
pimo pots qaq1 rabt reun reyk rio2 sant sch2 sofi stjo str2 COMMENT             
suth sydn tabv tash thti thu2 tid1 tow2 ulab unbj unsa urum COMMENT             
usud vald whit wind wtzz xmis yarr ykro yssk zim2 zimm      COMMENT             
                                                            END OF HEADER       
[from data line 6435]
    16                                                      START OF TEC MAP    
  2017    12    20    15     0     0                        EPOCH OF CURRENT MAP
    87.5-180.0 180.0   5.0 450.0                            LAT/LON1/LON2/DLON/H
   12   12   12   12   12   12   12   12   12   12   12   11   11   11   11   11
   10   10   10   10    9    9    9    9    8    8    8    8    8    8    8    8
    8    8    8    8    8    8    8    9    9    9    9   10   10   10   10   11
   11   11   11   11   12   12   12   12   12   12   12   12   12   12   12   12
   12   12   12   12   12   12   12   12   12
    85.0-180.0 180.0   5.0 450.0                            LAT/LON1/LON2/DLON/H
   13   13   13   13   14   14   14   14   14   14   14   14   14   13   13   12
   12   11   10   10    9    8    8    7    7    6    6    5    5    5    5    5
    5    5    6    6    6    7    7    8    8    9    9   10   10   11   11   11
   12   12   13   13   13   13   13   14   14   14   14   14   13   13   13   13
   13   13   13   13   13   13   13   13   13
    82.5-180.0 180.0   5.0 450.0                            LAT/LON1/LON2/DLON/H
   12   13   13   14   15   15   16   17   17   18   18   18   17   17   16   15
   14   13   12   11   10    9    8    7    6    5    5    5    4    4    4    4
    5    5    5    6    6    7    7    8    8    9    9   10   11   11   12   12
   13   13   14   14   14   15   15   15   15   15   15   15   14   14   14   13
   13   13   12   12   12   12   12   12   12
    80.0-180.0 180.0   5.0 450.0                            LAT/LON1/LON2/DLON/H
   10   11   12   13   14   16   17   19   20   21   21   22   21   21   20   19
   18   16   15   13   12   11   10    9    8    7    7    6    6    6    6    6
    7    7    7    7    8    8    8    8    9    9   10   10   11   11   12   13
   13   14   14   15   15   15   16   16   16   16   15   15   15   15   14   14
   13   12   12   11   11   10   10   10   10
    77.5-180.0 180.0   5.0 450.0                            LAT/LON1/LON2/DLON/H
    9    9   10   12   14   16   18   20   22   23   24   25   25   24   23   22
   21   19   18   16   15   14   13   12   11   11   11   11   11   11   11   11
   11   11   11   11   10   10   10   10    9    9   10   10   10   11   12   12
   13   14   14   14   15   15   15   16   16   16   16   16   16   16   15   15
   14   13   13   11   10   10    9    9    9
    75.0-180.0 180.0   5.0 450.0                            LAT/LON1/LON2/DLON/H
    8    8    9   11   13   15   18   20   23   25   26   27   27   26   25   24
   23   21   20   19   18   18   17   17   17   17   17   17   17   17   17   17
   17   17   16   15   14   13   12   10   10    9    9    9    9   10   10   11
   12   12   13   13   14   14   15   15   15   16   16   17   17   17   18   17
   17   16   15   14   12   11    9    8    8
    72.5-180.0 180.0   5.0 450.0                            LAT/LON1/LON2/DLON/H
    9    8    9   10   12   14   17   20   23   25   26   26   26   26   25   24
   23   22   22   22   22   22   23   23   23   24   24   24   24   24   25   24
   24   23   22   20   18   15   13   11    9    8    7    7    7    8    9   10
   10   11   12   12   13   13   13   14   14   15   16   17   18   19   20   21
   21   20   19   18   16   14   12   10    9
    70.0-180.0 180.0   5.0 450.0                            LAT/LON1/LON2/DLON/H
   11   10   10   10   12   14   16   19   21   23   24   24   24   23   22   21
   21   21   22   23   25   26   28   29   30   30   30   30   30   31   31   30
   30   29   26   24   20   17   13   10    8    6    5    5    5    6    7    8
    9   10   11   11   11   12   12   12   13   14   16   17   19   21   23   24
   25   25   25   23   21   19   16   14   11
    67.5-180.0 180.0   5.0 450.0                            LAT/LON1/LON2/DLON/H
   15   13   12   12   13   14   16   18   20   21   21   21   20   19   18   18
   18   20   22   24   27   30   32   34   35   35   35   35   35   35   35   35
   34   33   30   26   22   17   13    9    6    4    3    4    4    5    7    8
    9   10   10   10   11   11   11   11   12   14   15   17   19   22   24   26
   28   29   29   28   26   24   21   18   15
    65.0-180.0 180.0   5.0 450.0                            LAT/LON1/LON2/DLON/H
   20   17   15   14   14   15   16   17   18   18   18   17   16   15   14   14
   16   18   22   26   30   34   36   38   39   39   38   37   37   37   38   38
   38   36   33   28   23   18   13    9    6    4    3    4    5    6    7    8
   10   10   11   11   10   10   10   11   12   13   15   17   19   22   24   27
   29   31   32   32   30   28   26   22   20
    62.5-180.0 180.0   5.0 450.0                            LAT/LON1/LON2/DLON/H
   23   21   19   17   17   16   17   17   17   17   16   14   13   12   11   12
   14   18   22   27   32   37   40   42   42   41   40   39   38   39   40   41
   41   39   36   31   25   19   14   10    7    6    5    6    7    8    9   10
   11   12   12   12   11   11   11   12   13   14   16   18   20   22   24   26
   29   31   32   33   32   31   29   26   23
    60.0-180.0 180.0   5.0 450.0                            LAT/LON1/LON2/DLON/H
   26   24   22   21   19   19   18   18   17   16   15   13   11   10   11   12
   15   20   25   30   36   41   44   45   45   44   42   40   40   41   43   45
   45   43   40   35   28   22   17   13   11   10   10   11   11   12   12   13
   13   14   14   14   13   13   13   14   15   17   18   20   21   23   24   26
   28   30   31   32   32   31   30   28   26
    57.5-180.0 180.0   5.0 450.0                            LAT/LON1/LON2/DLON/H
   29   27   26   24   23   22   21   20   19   17   15   13   12   11   12   15
   19   24   29   35   41   45   48   50   49   48   46   45   45   46   49   51
   51   50   46   40   34   28   23   20   19   18   18   18   18   17   17   17
   17   17   17   17   17   17   17   18   20   22   23   24   25   26   26   27
   28   29   30   31   31   31   30   30   29
    55.0-180.0 180.0   5.0 450.0                            LAT/LON1/LON2/DLON/H
   31   31   30   28   27   25   24   23   22   20   18   16   14   14   16   20
   25   30   36   41   46   51   54   55   55   53   52   52   53   55   57   59
   59   57   53   47   41   36   32   30   29   28   28   27   26   24   23   22
   22   22   22   23   22   23   23   25   27   29   31   32   32   32   31   30
   30   30   30   30   30   30   30   31   31
    52.5-180.0 180.0   5.0 450.0                            LAT/LON1/LON2/DLON/H
   33   34   34   33   31   29   28   27   26   24   22   20   19   20   22   27
   32   38   43   48   53   57   60   61   62   61   61   61   63   66   68   69
   68   65   60   54   49   45   42   41   41   40   40   38   35   32   30   28
   28   29   30   30   30   31   32   33   36   39   41   42   42   41   39   38
   36   35   33   32   31   31   31   32   33
    50.0-180.0 180.0   5.0 450.0                            LAT/LON1/LON2/DLON/H
   37   39   39   38   36   34   33   32   31   30   28   26   25   26   29   35
   40   46   51   55   59   63   66   68   69   70   71   73   75   77   78   78
   75   71   66   61   57   55   54   54   54   53   51   49   45   41   38   36
   36   37   39   39   40   40   41   43   46   49   51   53   53   52   50   48
   45   42   40   38   36   34   34   35   37
    47.5-180.0 180.0   5.0 450.0                            LAT/LON1/LON2/DLON/H
   42   44   44   43   42   39   38   37   37   36   35   33   32   34   37   43
   49   54   59   62   65   69   71   74   76   78   80   83   85   87   86   84
   79   74   69   66   64   64   65   66   66   65   63   59   54   50   46   45
   45   47   49   50   51   51   52   54   56   59   62   63   63   63   61   59
   56   52   49   45   42   40   39   40   42
    45.0-180.0 180.0   5.0 450.0                            LAT/LON1/LON2/DLON/H
   47   49   50   49   47   45   43   43   43   43   42   40   40   42   46   51
   57   62   65   68   71   73   76   79   81   84   87   91   93   93   91   86
   80   74   71   70   71   73   76   77   77   76   73   69   64   59   56   54
   55   57   60   61   62   62   62   63   65   68   70   71   72   72   71   69
   65   62   58   54   50   47   45   46   47
    42.5-180.0 180.0   5.0 450.0                            LAT/LON1/LON2/DLON/H
   52   53   54   53   52   49   48   48   49   49   49   48   48   50   54   60
   65   69   72   73   75   78   80   83   85   88   92   96   97   96   92   85
   78   73   71   73   77   82   86   88   87   85   82   77   73   68   65   63
   64   67   69   71   72   71   71   72   72   73   75   76   77   77   77   75
   72   69   65   61   57   53   51   51   52
    40.0-180.0 180.0   5.0 450.0                            LAT/LON1/LON2/DLON/H
   55   56   57   56   55   53   52   52   53   54   55   56   57   60   64   68
   73   76   77   78   80   82   84   86   88   91   94   98   99   97   91   83
   77   73   73   78   84   91   96   97   96   93   89   85   81   76   73   71
   72   74   76   78   79   78   78   77   77   76   76   77   78   78   78   77
   75   72   68   65   61   58   56   55   55
    37.5-180.0 180.0   5.0 450.0                            LAT/LON1/LON2/DLON/H
   56   57   57   57   56   55   54   54   56   58   61   63   66   69   73   77
   80   82   83   84   85   87   89   90   91   93   96   99  100   97   91   84
   79   78   80   87   95  102  106  107  104  101   97   92   88   84   80   78
   78   79   81   82   82   82   81   80   78   77   76   75   75   76   76   75
   73   70   67   65   63   60   58   56   56
    35.0-180.0 180.0   5.0 450.0                            LAT/LON1/LON2/DLON/H
   55   55   56   57   56   55   55   55   57   60   64   69   73   78   82   85
   88   88   89   90   92   94   96   96   96   97  100  102  103  101   96   91
   89   90   94  101  109  114  117  116  113  108  104  100   96   91   87   83
   81   81   82   82   82   82   81   80   78   75   73   71   71   71   71   70
   67   65   63   62   61   59   57   56   55
    32.5-180.0 180.0   5.0 450.0                            LAT/LON1/LON2/DLON/H
   53   53   54   54   55   54   54   54   55   59   66   73   80   86   90   93
   94   95   95   96   99  102  104  104  104  104  106  109  111  110  108  107
  108  111  116  122  126  129  130  127  122  116  112  107  103   98   92   87
   83   82   81   80   80   79   79   78   76   73   70   67   66   66   65   63
   60   58   56   57   57   57   55   54   53
    30.0-180.0 180.0   5.0 450.0                            LAT/LON1/LON2/DLON/H
   51   51   51   52   52   52   51   51   52   57   65   74   84   91   96   99
  100  100  100  103  107  112  114  115  114  115  117  121  124  126  128  131
  136  141  144  146  146  145  142  138  132  126  120  116  111  104   97   91
   85   82   80   78   77   76   76   75   74   71   67   64   63   62   61   58
   54   51   50   51   53   53   53   52   51
    27.5-180.0 180.0   5.0 450.0                            LAT/LON1/LON2/DLON/H
   49   49   49   50   50   50   49   48   49   53   62   74   85   94  100  103
  104  105  106  109  115  121  125  126  126  128  132  137  142  147  153  161
  169  174  175  172  166  160  154  148  142  136  130  125  119  112  103   95
   88   83   80   77   74   73   73   72   72   69   66   62   60   59   58   54
   50   47   46   47   49   51   51   50   49
    25.0-180.0 180.0   5.0 450.0                            LAT/LON1/LON2/DLON/H
   49   49   49   49   49   48   46   45   45   50   59   72   85   95  102  105
  107  108  109  114  120  128  134  137  138  141  147  154  162  171  181  192
  202  206  203  194  183  173  165  158  152  147  142  136  129  121  111  102
   94   88   82   78   74   72   71   70   70   68   64   61   59   57   56   53
   49   45   44   45   47   49   50   50   49
    22.5-180.0 180.0   5.0 450.0                            LAT/LON1/LON2/DLON/H
   51   51   50   49   48   47   45   42   42   46   57   70   84   95  102  105
  108  109  112  116  124  132  140  144  148  153  161  171  181  192  205  218
  229  231  224  210  194  181  173  167  163  158  154  148  141  132  121  110
  102   94   88   82   77   73   71   70   69   66   63   59   57   56   55   53
   49   46   44   45   47   48   49   50   51
    20.0-180.0 180.0   5.0 450.0                            LAT/LON1/LON2/DLON/H
   52   52   51   50   48   46   44   41   40   45   55   69   83   93  100  105
  108  110  113  118  125  133  141  148  154  162  172  184  196  208  222  236
  245  246  235  217  199  186  178  175  173  170  167  162  154  144  132  121
  111  103   96   88   82   76   72   70   68   65   61   57   55   54   53   52
   49   47   46   46   47   48   49   50   52
    17.5-180.0 180.0   5.0 450.0                            LAT/LON1/LON2/DLON/H
   51   53   52   50   48   46   43   41   40   45   55   69   83   93  100  105
  108  111  114  118  124  132  140  147  156  166  179  192  204  216  229  242
  250  248  235  217  199  188  183  182  183  182  180  176  168  158  145  133
  122  112  104   96   88   81   76   72   69   64   59   54   51   50   50   50
   49   47   46   46   46   47   47   49   51
    15.0-180.0 180.0   5.0 450.0                            LAT/LON1/LON2/DLON/H
   49   51   51   49   47   45   43   41   41   47   58   71   84   94  101  106
  110  113  115  118  122  129  136  145  155  168  182  195  207  218  228  238
  243  240  227  211  196  189  188  191  193  195  194  190  183  172  158  144
  131  121  111  102   94   86   80   75   70   65   58   52   48   46   46   47
   46   46   45   45   45   44   44   46   49
    12.5-180.0 180.0   5.0 450.0                            LAT/LON1/LON2/DLON/H
   43   46   47   46   44   43   41   40   42   49   61   75   88   97  104  109
  114  117  118  120  122  127  134  143  155  169  183  197  207  215  222  228
  230  226  216  204  195  193  196  201  205  207  207  204  197  185  170  154
  139  127  116  107   98   91   86   80   74   67   59   51   46   44   43   43
   43   43   43   43   42   40   39   40   43
    10.0-180.0 180.0   5.0 450.0                            LAT/LON1/LON2/DLON/H
   36   38   40   40   40   39   39   40   44   52   65   80   93  102  109  114
  119  122  124  124  125  128  135  144  157  172  186  198  206  211  214  216
  217  213  207  200  198  201  207  213  218  220  220  217  210  197  180  162
  145  131  119  110  102   96   92   87   80   72   63   54   48   44   42   41
   40   39   40   40   39   36   34   34   36
     7.5-180.0 180.0   5.0 450.0                            LAT/LON1/LON2/DLON/H
   28   30   32   34   34   35   35   38   44   55   69   85   98  108  115  121
  126  130  131  131  132  135  140  150  163  178  193  203  208  210  209  209
  208  207  205  205  209  215  222  228  231  232  231  228  220  206  188  169
  151  135  123  113  106  102   98   95   89   80   71   62   55   50   46   42
   39   38   38   38   37   34   30   28   28
     5.0-180.0 180.0   5.0 450.0                            LAT/LON1/LON2/DLON/H
   23   23   25   27   29   29   31   35   43   56   72   89  102  113  121  128
  134  138  141  142  143  146  152  162  175  190  203  211  215  214  212  210
  210  211  214  219  227  235  241  244  244  243  240  236  227  214  195  175
  157  141  128  118  111  108  106  104   99   91   82   73   66   60   54   48
   43   39   38   38   37   34   29   25   23
     2.5-180.0 180.0   5.0 450.0                            LAT/LON1/LON2/DLON/H
   21   20   21   23   24   25   27   32   42   57   74   91  106  118  127  135
  142  148  151  154  157  161  167  178  191  205  217  224  225  224  222  221
  222  226  233  242  251  258  261  260  257  252  247  241  232  219  202  183
  166  150  137  126  119  115  115  114  110  104   96   88   81   75   67   58
   50   44   42   42   41   38   32   26   21
