data/satellite/IONO/corg2350.15i
     1.0            IONOSPHERE MAPS     GNSS                IONEX VERSION / TYPE
ADDNEQ2 V5.3        AIUB                24-AUG-15 09:36     PGM / RUN BY / DATE 
CODE'S RAPID IONOSPHERE MAPS FOR DAY 235, 2015              COMMENT             
Global ionosphere maps (GIM) are generated on a daily basis DESCRIPTION         
at CODE using data from about 120 GNSS sites of the IGS and DESCRIPTION         
other institutions. The vertical total electron content     DESCRIPTION         
(VTEC) is modeled in a solar-geomagnetic reference frame    DESCRIPTION         
using a spherical harmonics expansion up to degree and      DESCRIPTION         
order 15. Piece-wise linear functions are used for          DESCRIPTION         
representation in the time domain. The time spacing of      DESCRIPTION         
their vertices is 1 hour, conforming with the epochs of the DESCRIPTION         
VTEC maps. Instrumental biases, so-called differential      DESCRIPTION         
P1-P2 code biases (DCB), for all GNSS satellites and ground DESCRIPTION         
stations are estimated as constant values for each day,     DESCRIPTION         
simultaneously with the 25 times 256, or 6400 parameters    DESCRIPTION         
used to represent the global VTEC distribution. The DCB     DESCRIPTION         
datum is defined by a zero-mean condition imposed on the    DESCRIPTION         
satellite bias estimates. P1-C1 bias corrections are taken  DESCRIPTION         
into account if needed. To convert line-of-sight TEC into   DESCRIPTION         
vertical TEC, a modified single-layer model mapping         DESCRIPTION         
function approximating the JPL extended slab model mapping  DESCRIPTION         
function is adopted. The mapping function is evaluated at   DESCRIPTION         
geodetic satellite elevation angles. For the computation of DESCRIPTION         
the ionospheric pierce points, a spherical layer with a     DESCRIPTION         
radius of 6821 km is assumed, implying geocentric, not      DESCRIPTION         
geodetic IONEX latitudes.                                   DESCRIPTION         
Note: These GIM results correspond to the results for the   DESCRIPTION         
last day of a 3-day combination analysis solving for 73     DESCRIPTION         
times 256, or 18688 VTEC parameters and 3 sets of daily     DESCRIPTION         
satellite and receiver DCB constants.                       DESCRIPTION         
Contact address: code(at)aiub.unibe.ch                      DESCRIPTION         
Web page:        www.aiub.unibe.ch/content/ionosphere/      DESCRIPTION         
Data archive:    ftp.unibe.ch/aiub/CODE/                    DESCRIPTION         
                 www.aiub.unibe.ch/download/CODE/           DESCRIPTION         
  2015     8    23     0     0     0                        EPOCH OF FIRST MAP  
  2015     8    24     0     0     0                        EPOCH OF LAST MAP   
  3600                                                      INTERVAL            
    25                                                      # OF MAPS IN FILE   
  NONE                                                      MAPPING FUNCTION    
    10.0                                                    ELEVATION CUTOFF    
One-way carrier phase leveled to code                       OBSERVABLES USED    
[...]
    87.5 -87.5  -2.5                                        LAT1 / LAT2 / DLAT  
  -180.0 180.0   5.0                                        LON1 / LON2 / DLON  
    -1                                                      EXPONENT            
TEC/RMS values in 0.1 TECU; 9999, if no value available     COMMENT             
Peak TEC values for the included maps:                      COMMENT             
 491  499  504  506  495  518  526  524  528  532  517  547 COMMENT             
 537  506  481  471  475  504  508  524  539  557  563  569 COMMENT             
 570                                                        COMMENT             
List of stations:                                           COMMENT             
adis albh algo alic alrt amc2 amu2 ankr areq artu aspa badg COMMENT             
bake bjco bogo bor1 brmu brst brux bshm call cas1 cedu chpi COMMENT             
chur coco cord crar cro1 darw dav1 dgar dgav dubo fair faiv COMMENT             
flin flrs frdn func ganp glps glsv gode godz gope guam guat COMMENT             
guug hert hnpt hob2 hofn holm hrao hyde iisc invk iqal irkj COMMENT             
ispa joz2 kerg kir0 kokb kour lama lhaz lpal mac1 mal2 mas1 COMMENT             
mat1 mate maw1 mcm4 mdvj mkea mobj mobs nano nklg not1 novm COMMENT             
ohi3 onsa park pdel penc pert pfa2 pots qaq1 rabt rbay reso COMMENT             
reun reyk sant sch2 sey1 sofi stjo str2 suth sydn syog tid1 COMMENT             
tow2 usud vald whit wtzz xmis yarr ykro yssk zim2 zimm      COMMENT             
                                                            END OF HEADER       
[from data line 6435]
    16                                                      START OF TEC MAP    
  2015     8    23    15     0     0                        EPOCH OF CURRENT MAP
    87.5-180.0 180.0   5.0 450.0                            LAT/LON1/LON2/DLON/H
   97   97   97   98   98   98   98   99   99   99  100  100  100  101  101  101
  101  101  102  102  102  102  102  102  102  102  102  102  102  102  101  101
  101  101  101  101  101  101  101  101  101  101  100  100  100  100  100  100
  100  100  100   99   99   99   99   99   98   98   98   98   97   97   97   97
   97   96   96   96   96   96   97   97   97
    85.0-180.0 180.0   5.0 450.0                            LAT/LON1/LON2/DLON/H
   92   93   93   94   95   96   96   97   98   98   99  100  100  101  102  102
  103  103  104  104  104  105  105  105  105  104  104  104  103  103  102  102
  101  101  100  100  100  100  100  100  100  100  101  101  101  101  101  101
  101  101  101  100  100   99   98   98   97   96   95   95   94   93   93   92
   92   91   91   91   91   91   92   92   92
    82.5-180.0 180.0   5.0 450.0                            LAT/LON1/LON2/DLON/H
   87   88   89   90   91   93   94   95   96   97   97   98   99  100  101  102
  103  104  105  106  107  107  108  108  108  108  107  106  105  104  103  101
  100   99   98   98   97   97   98   98   99  100  101  102  102  103  103  103
  103  103  102  101  100   99   98   96   95   93   92   91   89   88   87   86
   86   85   85   85   85   85   85   86   87
    80.0-180.0 180.0   5.0 450.0                            LAT/LON1/LON2/DLON/H
   82   83   85   87   88   90   91   93   93   94   95   95   96   96   97   99
  100  102  104  106  108  110  111  113  113  113  112  111  109  107  104  102
  100   98   96   95   95   95   95   97   98  100  101  103  104  105  105  105
  105  104  103  101   99   97   95   93   91   89   87   85   84   82   81   80
   79   78   78   78   78   78   79   80   82
    77.5-180.0 180.0   5.0 450.0                            LAT/LON1/LON2/DLON/H
   77   79   81   84   86   88   90   91   91   91   91   91   90   91   91   93
   95   97  101  104  108  112  115  117  119  120  119  117  115  111  108  104
  100   97   94   93   92   92   94   95   98  100  102  104  106  106  107  106
  105  103  101   99   96   93   90   88   85   83   81   79   77   76   75   74
   73   72   72   72   72   72   73   75   77
    75.0-180.0 180.0   5.0 450.0                            LAT/LON1/LON2/DLON/H
   73   76   79   82   85   87   89   90   89   88   87   85   84   84   84   85
   88   91   96  101  107  112  118  122  125  127  127  125  122  117  112  107
  101   97   94   92   91   91   93   96   98  101  104  106  107  107  107  105
  103  100   97   94   90   87   83   80   77   75   73   72   71   70   69   69
   68   68   67   67   67   68   69   70   73
    72.5-180.0 180.0   5.0 450.0                            LAT/LON1/LON2/DLON/H
   69   73   76   80   84   87   88   89   88   86   84   81   78   77   76   78
   80   85   90   97  104  112  119  125  129  132  133  131  128  123  117  110
  104   99   95   92   92   93   95   97  101  103  106  107  107  106  105  102
   99   95   91   87   83   79   75   72   69   67   65   64   64   64   64   64
   64   64   64   63   63   64   65   67   69
    70.0-180.0 180.0   5.0 450.0                            LAT/LON1/LON2/DLON/H
   66   70   74   78   82   86   88   88   87   85   81   77   74   72   71   73
   75   80   86   93  101  110  118  125  131  135  136  135  132  127  121  114
  107  101   97   95   94   96   98  101  104  106  107  107  106  104  101   98
   94   89   85   81   76   72   68   65   62   60   58   58   58   58   59   60
   60   61   61   61   60   61   62   63   66
    67.5-180.0 180.0   5.0 450.0                            LAT/LON1/LON2/DLON/H
   62   66   70   75   80   84   87   87   86   84   80   76   73   71   70   72
   74   79   84   91   98  106  114  121  128  132  135  135  133  129  123  116
  110  104  101   99   99  101  103  106  108  109  109  107  105  101   97   93
   89   85   81   77   73   69   65   62   58   56   54   53   53   54   55   56
   57   58   58   58   58   58   59   60   62
    65.0-180.0 180.0   5.0 450.0                            LAT/LON1/LON2/DLON/H
   59   62   66   71   76   80   84   85   85   83   80   77   75   73   73   75
   77   81   85   90   95  101  108  114  121  126  129  131  130  127  123  117
  112  108  105  104  105  107  109  111  113  112  111  107  103   99   94   90
   87   84   81   78   75   72   69   65   61   57   54   53   52   52   52   53
   54   55   55   55   55   55   56   57   59
    62.5-180.0 180.0   5.0 450.0                            LAT/LON1/LON2/DLON/H
   56   58   61   66   71   76   79   82   83   82   81   79   79   79   80   82
   84   86   88   89   92   95  100  105  111  116  120  123  124  123  120  117
  113  111  109  109  110  113  115  117  117  116  113  109  104   99   95   92
   90   88   87   86   84   82   78   74   70   65   60   57   54   53   52   52
   52   53   53   53   53   53   53   54   56
    60.0-180.0 180.0   5.0 450.0                            LAT/LON1/LON2/DLON/H
   54   55   57   61   65   70   74   78   80   82   82   82   83   85   88   90
   91   91   91   90   89   90   92   95  100  105  109  113  116  117  117  116
  114  113  113  114  116  118  121  122  122  120  116  112  107  103  100   99
   98   99   99  100   99   97   94   90   84   78   72   66   62   58   56   54
   53   52   52   52   52   52   52   53   54
    57.5-180.0 180.0   5.0 450.0                            LAT/LON1/LON2/DLON/H
   54   54   55   57   61   65   70   75   78   81   83   85   88   91   94   97
   97   96   93   89   86   84   85   87   91   95  100  105  109  112  114  115
  115  115  116  118  120  123  126  127  127  125  122  118  114  112  111  111
  113  115  117  118  118  117  114  110  103   96   88   81   74   69   64   61
   58   56   54   53   53   53   54   54   54
    55.0-180.0 180.0   5.0 450.0                            LAT/LON1/LON2/DLON/H
   57   57   57   57   59   63   67   72   77   81   84   87   91   95   98  101
  100   98   93   88   83   81   81   83   86   90   95  100  105  109  112  115
  116  117  119  121  124  127  129  131  132  131  129  126  125  125  126  128
  132  134  137  138  138  137  134  130  123  115  107   98   90   84   78   73
   68   64   61   58   57   57   58   58   57
    52.5-180.0 180.0   5.0 450.0                            LAT/LON1/LON2/DLON/H
   64   63   61   61   61   63   67   72   78   82   85   89   92   96   99  101
  100   97   91   86   82   81   82   84   87   91   94   99  104  108  112  115
  117  119  121  123  126  130  133  136  137  138  137  137  137  140  144  148
  152  155  157  157  156  155  152  148  142  134  125  116  108  101   95   89
   83   77   72   68   65   65   65   65   64
    50.0-180.0 180.0   5.0 450.0                            LAT/LON1/LON2/DLON/H
   73   72   69   67   66   67   71   75   80   84   88   90   93   96   98  100
   98   95   90   85   83   83   86   90   93   96   99  102  106  110  114  117
  119  120  123  125  129  133  138  141  144  145  146  148  151  155  162  168
  173  175  175  173  170  168  165  161  155  148  140  132  125  119  113  107
  101   93   86   80   77   75   74   74   73
    47.5-180.0 180.0   5.0 450.0                            LAT/LON1/LON2/DLON/H
   83   82   79   76   74   73   76   80   85   89   91   92   93   95   97   98
   97   94   90   87   87   90   95  100  103  105  106  107  110  113  116  119
  121  123  125  129  134  139  144  149  152  154  155  157  162  169  177  185
  191  192  189  184  179  175  171  167  163  157  151  144  139  134  130  125
  119  111  103   95   89   86   84   84   83
    45.0-180.0 180.0   5.0 450.0                            LAT/LON1/LON2/DLON/H
   92   91   88   84   81   80   81   85   90   94   95   96   96   97   98   99
   99   96   93   92   94   99  106  111  115  116  115  114  115  117  119  121
  123  126  130  135  141  147  154  158  161  163  163  165  170  179  190  199
  204  204  199  191  182  176  172  168  164  160  155  150  147  145  143  139
  134  127  118  109  102   97   94   93   92
    42.5-180.0 180.0   5.0 450.0                            LAT/LON1/LON2/DLON/H
   99   97   94   90   86   84   85   89   94   99  101  101  101  102  104  105
  105  104  102  102  105  111  117  123  126  125  123  121  120  121  122  125
  128  132  137  144  152  160  166  171  173  172  171  171  176  186  198  209
  214  212  204  192  181  173  168  164  161  158  154  151  149  149  149  148
  145  138  130  121  113  106  102  100   99
    40.0-180.0 180.0   5.0 450.0                            LAT/LON1/LON2/DLON/H
  102   99   96   91   86   84   85   90   96  102  106  107  108  110  113  116
  117  116  115  116  118  123  128  133  135  133  130  127  125  125  127  130
  135  141  149  158  167  176  183  186  186  183  178  176  180  191  204  216
  221  217  206  191  177  167  161  157  155  153  150  148  147  148  150  150
  149  145  138  129  121  113  108  104  102
    37.5-180.0 180.0   5.0 450.0                            LAT/LON1/LON2/DLON/H
  102   98   93   87   82   79   81   87   95  104  110  114  117  121  125  129
  132  132  131  131  132  134  138  140  141  139  136  133  131  132  134  139
  146  154  165  176  187  196  202  204  202  195  187  183  186  197  211  223
  227  220  205  188  171  160  153  149  148  147  146  144  144  145  147  149
  149  146  141  133  126  118  112  107  102
    35.0-180.0 180.0   5.0 450.0                            LAT/LON1/LON2/DLON/H
  101   94   87   80   74   71   73   80   91  102  112  119  126  132  139  144
  147  148  148  146  145  145  145  146  146  144  142  140  139  141  146  153
  162  173  185  198  209  218  223  224  220  211  200  194  197  208  222  233
  233  223  204  183  165  152  145  142  142  142  143  143  142  143  144  146
  146  145  141  135  129  122  114  107  101
    32.5-180.0 180.0   5.0 450.0                            LAT/LON1/LON2/DLON/H
  100   91   81   72   64   60   63   71   84   98  111  123  133  143  151  157
  160  162  161  160  157  154  152  150  151  151  151  151  152  156  164  173
  185  197  210  222  233  240  245  246  241  231  219  213  215  226  239  247
  242  226  203  179  159  146  139  137  138  141  143  145  145  144  144  145
  145  144  141  136  131  125  117  109  100
    30.0-180.0 180.0   5.0 450.0                            LAT/LON1/LON2/DLON/H
  101   89   77   66   57   52   54   62   76   92  109  124  138  150  159  165
  169  171  171  170  167  163  158  157  158  161  164  166  171  178  188  200
  213  226  238  248  257  263  267  268  264  256  246  240  244  254  264  266
  254  231  203  176  156  143  136  135  138  143  148  152  153  152  151  150
  149  147  143  139  134  129  122  112  101
    27.5-180.0 180.0   5.0 450.0                            LAT/LON1/LON2/DLON/H
  105   92   78   65   54   48   48   56   69   86  105  123  140  154  164  170
  173  175  177  178  177  172  167  165  168  175  181  188  196  206  219  234
  247  258  268  275  280  285  290  292  291  286  279  276  280  289  295  289
  268  238  204  175  155  143  137  137  141  148  156  163  165  165  164  162
  159  154  149  144  139  134  127  117  105
    25.0-180.0 180.0   5.0 450.0                            LAT/LON1/LON2/DLON/H
  111   98   84   70   58   50   48   54   65   81  101  121  140  156  166  171
  173  176  181  185  186  183  179  178  184  193  204  214  226  240  256  271
  284  292  298  301  303  307  312  318  321  321  318  318  323  329  329  314
  284  246  208  178  159  148  143  143  148  156  167  175  180  182  181  179
  174  167  158  150  144  139  133  123  111
    22.5-180.0 180.0   5.0 450.0                            LAT/LON1/LON2/DLON/H
  118  107   94   81   69   59   55   56   65   79   98  119  140  156  166  171
  174  178  185  193  198  197  194  195  203  215  230  244  260  277  295  311
  321  326  327  326  326  328  335  345  354  358  360  362  367  369  361  338
  300  255  215  186  169  160  155  155  158  166  177  188  195  199  200  198
  192  182  169  158  149  143  137  129  118
    20.0-180.0 180.0   5.0 450.0                            LAT/LON1/LON2/DLON/H
  123  115  106   95   83   73   65   63   68   80   97  119  140  157  168  173
  176  183  193  204  212  214  213  215  224  240  258  276  295  315  335  349
  356  357  354  350  348  350  359  373  386  396  400  403  406  403  388  357
  313  266  226  199  184  177  173  171  171  177  186  197  206  212  215  215
  209  196  180  163  151  143  137  131  123
    17.5-180.0 180.0   5.0 450.0                            LAT/LON1/LON2/DLON/H
  124  120  115  108   99   87   78   73   74   83   99  120  142  160  172  178
  184  192  205  219  229  233  233  237  247  265  285  306  328  351  371  384
  387  384  378  372  369  372  383  400  417  429  435  436  435  426  405  369
  323  276  239  216  205  200  196  191  187  187  193  202  211  219  225  226
  221  206  186  166  150  139  132  128  124
    15.0-180.0 180.0   5.0 450.0                            LAT/LON1/LON2/DLON/H
  118  120  120  118  111  100   90   82   81   88  103  123  145  164  178  188
  196  207  222  237  249  253  255  259  270  288  310  334  358  382  401  411
  411  404  397  391  390  394  407  424  442  454  459  457  450  436  410  372
  328  286  254  236  229  225  220  211  202  197  197  202  209  218  225  229
  224  209  187  163  144  130  123  119  118
    12.5-180.0 180.0   5.0 450.0                            LAT/LON1/LON2/DLON/H
  108  113  119  121  117  108   97   89   87   93  108  128  149  169  186  199
  212  225  241  257  268  273  275  279  291  310  333  357  383  406  423  430
  426  418  411  407  408  413  426  443  459  469  469  462  450  431  403  367
  327  293  268  255  251  248  242  230  216  203  197  198  202  210  218  223
  219  204  181  156  134  119  109  106  108
    10.0-180.0 180.0   5.0 450.0                            LAT/LON1/LON2/DLON/H
   93  102  111  116  115  109  100   93   91   98  113  133  154  174  193  210
  227  244  260  275  285  290  292  298  310  329  352  376  401  422  436  439
  433  424  419  418  421  427  438  453  465  471  466  453  436  414  386  354
  322  296  279  270  267  264  257  242  224  206  194  190  191  197  204  209
  206  192  171  146  124  106   95   90   93
     7.5-180.0 180.0   5.0 450.0                            LAT/LON1/LON2/DLON/H
   79   87   98  105  107  103   97   93   93  102  117  137  157  177  197  219
  240  259  276  289  298  303  306  313  326  345  367  390  412  430  440  439
  431  422  420  422  427  433  441  451  459  459  449  432  411  387  362  336
  313  295  283  277  273  269  261  245  224  203  187  179  178  181  186  190
  187  175  157  135  114   96   83   76   79
     5.0-180.0 180.0   5.0 450.0                            LAT/LON1/LON2/DLON/H
   66   73   83   91   94   93   91   90   93  104  121  140  158  177  198  222
  247  269  286  298  305  311  316  325  339  358  378  399  417  431  436  431
  421  414  414  420  425  429  433  438  441  436  422  402  379  356  334  314
  299  288  279  273  267  261  251  235  213  192  176  166  163  164  167  168
  166  157  142  124  106   89   75   67   66
     2.5-180.0 180.0   5.0 450.0                            LAT/LON1/LON2/DLON/H
   59   63   70   76   80   82   83   85   92  105  122  141  158  175  195  221
  249  273  290  301  308  314  322  333  349  367  386  403  417  425  426  418
  407  401  403  410  415  416  415  415  413  405  389  368  346  325  306  292
  282  274  266  257  248  239  228  212  193  174  159  151  148  147  148  148
  145  139  129  117  103   88   73   62   59
